0 0.9852895140647888 1059.3211669921875 849.0413818359375 1224.9415283203125 1080.6593017578125
0 0.9779040217399597 69.78781127929688 493.0259704589844 309.143310546875 596.2080688476562
0 0.9699846506118774 991.2548217773438 335.137939453125 1057.8826904296875 387.2146911621094
0 0.9683735966682434 1030.70654296875 264.68292236328125 1092.6787109375 325.99749755859375
0 0.962931752204895 1398.4617919921875 466.5057067871094 1769.9481201171875 677.4691772460938
0 0.9589455127716064 1058.606201171875 248.35910034179688 1110.591796875 281.4072570800781
0 0.9448884129524231 1020.7562255859375 313.2077941894531 1071.7646484375 354.9060363769531
0 0.9102767705917358 1686.145751953125 425.2131042480469 1887.3109130859375 500.29229736328125
0 0.8864056468009949 1540.915771484375 109.36658477783203 1592.3482666015625 141.688720703125
0 0.44543156027793884 1580.4833984375 62.70449447631836 1683.1363525390625 122.19841003417969
