0 0.9850818514823914 1059.255615234375 848.8632202148438 1225.0142822265625 1080.6878662109375
0 0.9777442812919617 69.98993682861328 493.09930419921875 308.92779541015625 596.3267211914062
0 0.9705851674079895 991.1874389648438 335.0710144042969 1057.9874267578125 387.1734313964844
0 0.9689747095108032 1030.4703369140625 264.9697265625 1092.741943359375 326.4335632324219
0 0.9581315517425537 1058.7127685546875 248.29257202148438 1110.4661865234375 281.24700927734375
0 0.949653685092926 1485.7655029296875 477.9169921875 1876.3829345703125 682.0089111328125
0 0.9447593688964844 1020.2977905273438 313.4010314941406 1071.4368896484375 355.0618591308594
0 0.880725085735321 1567.096923828125 64.88628387451172 1676.346435546875 127.35498046875
0 0.8770739436149597 1634.7432861328125 419.6334533691406 1853.771484375 488.51690673828125
0 0.7899011373519897 1541.374267578125 108.4117431640625 1592.9254150390625 141.4669189453125
