0 0.9879778027534485 268.2144775390625 500.9268798828125 449.90216064453125 555.4842529296875
0 0.9832876920700073 1692.4652099609375 439.3274230957031 1851.862548828125 490.63037109375
0 0.9795477986335754 244.4999542236328 397.1878967285156 351.46759033203125 438.0520935058594
0 0.9776132702827454 1394.0970458984375 415.26226806640625 1552.4110107421875 481.6048583984375
0 0.9721891283988953 154.1363067626953 400.7151794433594 226.5940704345703 437.0592346191406
0 0.9668509364128113 844.3473510742188 354.10546875 880.88330078125 390.75311279296875
0 0.9637247920036316 23.44716453552246 368.41168212890625 117.5774917602539 401.4866638183594
0 0.9573495984077454 1049.2357177734375 423.9467468261719 1189.01318359375 479.9729919433594
0 0.9521157145500183 862.9761352539062 327.10430908203125 894.0337524414062 354.1182861328125
0 0.9516099095344543 1041.2474365234375 478.71820068359375 1203.3807373046875 538.9381103515625
0 0.9436096549034119 118.64204406738281 349.12646484375 189.92506408691406 381.1831359863281
