0 0.9866397976875305 487.1325378417969 443.0414733886719 656.08056640625 519.41455078125
0 0.9862400889396667 248.7424774169922 503.0123291015625 446.2035827636719 574.695556640625
0 0.9829073548316956 476.3819274902344 521.0548095703125 655.4739990234375 591.52734375
0 0.98246830701828 222.08770751953125 386.69439697265625 363.97100830078125 433.9930114746094
0 0.9821159243583679 16.577476501464844 519.3850708007812 233.29879760742188 597.6141357421875
0 0.9795829653739929 87.12696838378906 386.1048889160156 217.6698760986328 446.72698974609375
0 0.9638074040412903 883.8421020507812 211.55979919433594 917.3837280273438 248.0202178955078
0 0.9344460964202881 1123.9757080078125 629.8049926757812 1231.201416015625 779.279296875
0 0.9194636344909668 1220.748046875 470.5640563964844 1354.8006591796875 558.5833740234375
0 0.8224913477897644 944.8964233398438 201.79615783691406 980.6840209960938 235.07923889160156
