0 0.9876876473426819 268.21343994140625 500.9123840332031 449.9288635253906 555.4988403320312
0 0.9827420711517334 1674.350830078125 438.9908752441406 1832.23388671875 490.4356384277344
0 0.9787981510162354 244.53433227539062 397.17242431640625 351.45751953125 438.064453125
0 0.9779328107833862 1372.97216796875 415.18853759765625 1527.905029296875 481.1209716796875
0 0.971611738204956 154.21229553222656 400.8236389160156 226.63546752929688 437.0833740234375
0 0.9660691618919373 844.4667358398438 354.1233215332031 880.9224853515625 390.7312316894531
0 0.963606059551239 23.54688262939453 368.5409240722656 117.63829040527344 401.45263671875
0 0.9526134133338928 862.9932861328125 327.1595458984375 893.996337890625 354.16265869140625
0 0.9453209042549133 1034.06103515625 422.4742126464844 1166.0693359375 476.9539489746094
0 0.9433237910270691 118.7654800415039 349.2722473144531 189.95550537109375 381.1615295410156
0 0.9420683979988098 1022.0707397460938 481.1089172363281 1180.8486328125 545.1340942382812
