0 0.9829850196838379 29.522661209106445 379.3235168457031 210.86033630371094 437.61761474609375
0 0.9818698167800903 1512.2618408203125 344.4670715332031 1684.107421875 390.0711669921875
0 0.9811074733734131 256.7420654296875 367.2154846191406 449.777099609375 456.09808349609375
0 0.9809747338294983 1.690469741821289 328.458740234375 128.5810089111328 373.8966064453125
0 0.9795477986335754 125.98812103271484 331.0408020019531 266.44757080078125 372.6148681640625
0 0.9787553548812866 346.63909912109375 340.29766845703125 519.8466796875 407.563232421875
0 0.9780555367469788 1334.8084716796875 338.7189025878906 1484.599365234375 387.3609313964844
0 0.9697288870811462 148.8990020751953 364.76751708984375 268.35101318359375 411.8903503417969
0 0.9623560905456543 863.1066284179688 257.5603942871094 896.4495849609375 291.0489807128906
0 0.9376988410949707 885.296630859375 312.8055114746094 951.533935546875 379.2935485839844
