0 0.983214259147644 29.561176300048828 379.37420654296875 211.0429229736328 437.655029296875
0 0.9812532067298889 1.9574832916259766 328.5904846191406 128.61708068847656 373.9209899902344
0 0.981001615524292 1512.4947509765625 344.8356628417969 1684.24658203125 390.1766357421875
0 0.9807644486427307 256.4019775390625 367.1490478515625 449.9556884765625 455.80792236328125
0 0.9796826839447021 126.17168426513672 330.973876953125 266.32220458984375 372.5570983886719
0 0.9792112112045288 346.6820068359375 340.299560546875 519.3795776367188 407.68231201171875
0 0.9781320691108704 1334.91796875 339.0159912109375 1484.5028076171875 387.2353210449219
0 0.9705971479415894 149.2980499267578 364.7713317871094 268.647705078125 411.97412109375
0 0.9655510783195496 863.3311157226562 257.4507141113281 896.9917602539062 291.2328186035156
0 0.9409381151199341 881.3712768554688 318.9179992675781 949.1043701171875 384.8471374511719
