0 0.9868576526641846 267.6972351074219 501.08880615234375 449.83587646484375 555.4523315429688
0 0.9789926409721375 243.99673461914062 397.33465576171875 351.2406311035156 438.2035217285156
0 0.9756203293800354 1218.4813232421875 440.27435302734375 1364.0416259765625 491.3956604003906
0 0.9746991991996765 626.0357666015625 698.3944702148438 819.914794921875 912.2777709960938
0 0.9730289578437805 154.03427124023438 400.78839111328125 226.2260284423828 437.2874450683594
0 0.9658817648887634 23.65572166442871 368.7633361816406 117.31809997558594 401.5484619140625
0 0.964932918548584 843.7478637695312 353.8363037109375 881.0354614257812 390.73406982421875
0 0.9617136716842651 906.8048095703125 407.5146789550781 1037.4151611328125 464.3064880371094
0 0.9454030394554138 862.8285522460938 327.0235595703125 894.4970092773438 354.4620056152344
0 0.9441698789596558 119.04835510253906 349.5807800292969 189.67726135253906 381.4035949707031
0 0.9072783589363098 971.8004760742188 366.18316650390625 1011.6414794921875 403.1722412109375
