0 0.9864352941513062 487.3092041015625 442.6449279785156 655.866943359375 519.2178955078125
0 0.9863157868385315 248.05430603027344 502.8720703125 445.94451904296875 574.78271484375
0 0.9830470681190491 476.1943359375 520.9594116210938 655.6809692382812 591.4995727539062
0 0.982689380645752 16.322799682617188 519.34912109375 233.51673889160156 597.6176147460938
0 0.982629120349884 221.89605712890625 386.50372314453125 363.9483947753906 433.9048767089844
0 0.9802179932594299 87.38423919677734 386.08843994140625 217.57493591308594 446.64361572265625
0 0.9656503796577454 883.7193603515625 211.26461791992188 917.3889770507812 247.64895629882812
0 0.9555588364601135 1546.1455078125 386.8852844238281 1704.90673828125 440.21246337890625
0 0.9481212496757507 1169.7371826171875 683.90185546875 1286.155517578125 863.5182495117188
0 0.9386088848114014 957.0223388671875 265.0752258300781 998.6669311523438 306.9524230957031
