0 0.9865138530731201 268.5478820800781 501.1234436035156 450.47882080078125 555.245849609375
0 0.9794931411743164 510.2953796386719 801.0919189453125 776.17041015625 1080.3914794921875
0 0.9791554808616638 244.04019165039062 397.3146057128906 351.2091064453125 438.2735595703125
0 0.9766209125518799 1166.7337646484375 440.7099914550781 1310.10107421875 490.99725341796875
0 0.9736355543136597 154.13372802734375 400.7652587890625 226.2817840576172 437.28564453125
0 0.9655293226242065 23.780738830566406 368.7833557128906 117.31401062011719 401.54718017578125
0 0.9608328938484192 844.8787231445312 403.4833679199219 972.6445922851562 459.8866271972656
0 0.9556095004081726 843.4429931640625 353.81524658203125 881.5889892578125 391.2231750488281
0 0.9438303709030151 119.1808853149414 349.6293640136719 189.8278045654297 381.4837646484375
0 0.94317227602005 862.9004516601562 326.9864196777344 894.478271484375 354.2643127441406
0 0.9092691540718079 970.86865234375 358.35675048828125 1008.011962890625 393.91729736328125
