0 0.9872322082519531 268.2801818847656 500.9618225097656 449.8016357421875 555.463134765625
0 0.9801414608955383 1544.196533203125 439.2708740234375 1699.7808837890625 490.48785400390625
0 0.9790500402450562 244.38720703125 397.469970703125 350.9831848144531 438.0354309082031
0 0.9716570973396301 154.0613555908203 400.909423828125 226.4549102783203 437.17144775390625
0 0.9692518711090088 1241.7802734375 411.79559326171875 1385.4876708984375 474.6638488769531
0 0.9660027623176575 23.878665924072266 368.6470947265625 117.28800964355469 401.3853454589844
0 0.9650101661682129 844.5126953125 354.0949401855469 881.0479125976562 390.6683654785156
0 0.9612364768981934 933.9874877929688 507.7673034667969 1078.852294921875 591.6515502929688
0 0.9530573487281799 862.4296875 326.96435546875 894.3270263671875 354.30047607421875
0 0.942012369632721 119.06632995605469 349.45599365234375 189.84548950195312 381.4290466308594
0 0.9363425374031067 994.3169555664062 408.546142578125 1071.7144775390625 453.2391662597656
