0 0.9859718680381775 267.49359130859375 501.05859375 449.9359130859375 555.397705078125
0 0.9789299964904785 243.9770965576172 397.30767822265625 351.2009582519531 438.23870849609375
0 0.9766247868537903 1192.1363525390625 440.47918701171875 1336.7620849609375 491.2815246582031
0 0.9754722118377686 571.790771484375 743.87255859375 800.6104125976562 1003.3181762695312
0 0.9737507104873657 154.10275268554688 400.82244873046875 226.21224975585938 437.3117980957031
0 0.9656198024749756 23.759662628173828 368.819091796875 117.3044662475586 401.55340576171875
0 0.9599862694740295 843.9324340820312 353.92523193359375 881.1890869140625 390.80303955078125
0 0.9472061395645142 873.318603515625 405.96343994140625 1004.069091796875 461.1273498535156
0 0.9440008401870728 863.0650634765625 327.099609375 894.5159912109375 354.32501220703125
0 0.9433253407478333 119.20108795166016 349.6659851074219 189.80328369140625 381.47991943359375
0 0.9127411246299744 971.4089965820312 362.3805847167969 1008.9176025390625 397.9588928222656
