0 0.9846875667572021 1059.0296630859375 849.151611328125 1225.2880859375 1081.0086669921875
0 0.9775179624557495 69.8152847290039 493.1112976074219 309.1773376464844 596.2316284179688
0 0.9701676964759827 991.3074340820312 335.17926025390625 1057.8486328125 387.2670593261719
0 0.9685201048851013 1030.7044677734375 264.71588134765625 1092.663330078125 326.0407409667969
0 0.9637311100959778 1152.53466796875 455.84088134765625 1480.4224853515625 653.5609130859375
0 0.9591540098190308 1058.646728515625 248.38327026367188 1110.5615234375 281.412841796875
0 0.9455896615982056 1020.722412109375 313.27276611328125 1071.7403564453125 354.9694519042969
0 0.9247129559516907 1541.6826171875 110.31185150146484 1591.221435546875 141.453369140625
0 0.9063718914985657 1771.496826171875 439.25347900390625 1918.96337890625 505.7649841308594
0 0.3684403598308563 1605.5408935546875 62.0096549987793 1695.22265625 115.5754165649414
