0 0.981556236743927 256.4541320800781 367.3576354980469 448.77923583984375 455.4985656738281
0 0.9811908602714539 1.984079360961914 328.2632141113281 128.3837127685547 373.4468994140625
0 0.9792050123214722 346.2084045410156 340.0822448730469 519.2735595703125 407.6650085449219
0 0.9783675074577332 1548.7781982421875 344.6045837402344 1721.1925048828125 389.758056640625
0 0.9774265289306641 125.51078796386719 331.1998596191406 266.1885681152344 372.56512451171875
0 0.9769970178604126 1334.3182373046875 339.04156494140625 1483.9083251953125 387.3751220703125
0 0.9736025929450989 1.5540218353271484 378.669921875 177.53233337402344 437.6529541015625
0 0.9620084166526794 863.1395874023438 257.44036865234375 896.5762939453125 290.7469482421875
0 0.9574243426322937 146.27972412109375 365.8761901855469 269.0049743652344 413.8618469238281
0 0.9397691488265991 905.4600219726562 286.5457763671875 958.740966796875 341.8725280761719
