0 0.9831634759902954 29.74017333984375 379.421630859375 211.3384552001953 437.6618957519531
0 0.9812042713165283 1512.4141845703125 344.43194580078125 1683.917724609375 390.1315002441406
0 0.9811381101608276 256.3775329589844 367.1014099121094 449.48455810546875 456.1699523925781
0 0.9804017543792725 1.8616790771484375 328.5202331542969 128.5985870361328 373.9232177734375
0 0.979385495185852 126.19498443603516 330.97979736328125 266.2823181152344 372.4925842285156
0 0.9789000153541565 346.520263671875 340.3460693359375 519.6419067382812 407.7294921875
0 0.9761026501655579 1334.763427734375 338.8669738769531 1484.0941162109375 387.21844482421875
0 0.9710050821304321 149.5125274658203 364.7088317871094 268.4967041015625 411.9088439941406
0 0.9678826332092285 862.9830932617188 257.3316345214844 896.3650512695312 290.86016845703125
0 0.9526797533035278 836.6260986328125 359.1577453613281 935.9478149414062 465.5345153808594
