0 0.9875220060348511 268.23150634765625 500.9664306640625 449.7592468261719 555.5084838867188
0 0.9789448976516724 244.26705932617188 397.5266418457031 351.0582275390625 438.038818359375
0 0.9719756245613098 1577.8514404296875 439.73358154296875 1733.5269775390625 490.1556091308594
0 0.9710109829902649 154.0686492919922 400.85723876953125 226.49610900878906 437.14251708984375
0 0.967120349407196 1268.332275390625 410.4949951171875 1412.5882568359375 473.98077392578125
0 0.9654788970947266 23.816078186035156 368.5810241699219 117.35859680175781 401.3975830078125
0 0.9650204181671143 844.5262451171875 354.1212463378906 881.011474609375 390.65435791015625
0 0.9624271988868713 954.2157592773438 500.0422058105469 1099.640869140625 580.5816040039062
0 0.9529623985290527 862.431396484375 327.0160827636719 894.2622680664062 354.2565002441406
0 0.9413943290710449 118.93058013916016 349.3933410644531 189.9166717529297 381.41900634765625
0 0.9383039474487305 1001.151123046875 411.3699645996094 1086.539794921875 459.4658203125
