0 0.9864553809165955 487.3080139160156 442.6517333984375 655.8637084960938 519.2308349609375
0 0.9863283634185791 248.042724609375 502.9021911621094 445.94635009765625 574.7964477539062
0 0.9830440282821655 476.2100830078125 520.969970703125 655.6497802734375 591.494873046875
0 0.9827122092247009 16.283729553222656 519.3475341796875 233.5296630859375 597.6245727539062
0 0.9826655387878418 221.8750457763672 386.4916076660156 363.9015808105469 433.91033935546875
0 0.9801777005195618 87.40209197998047 386.06231689453125 217.59754943847656 446.60284423828125
0 0.9659170508384705 883.7495727539062 211.31268310546875 917.4208374023438 247.6487274169922
0 0.9609917402267456 1484.132568359375 386.5264892578125 1642.2012939453125 441.6356506347656
0 0.9514359831809998 1165.19287109375 719.826416015625 1288.55615234375 918.7802124023438
0 0.9362133741378784 957.6583251953125 269.39569091796875 999.2679443359375 311.96136474609375
