0 0.9878545999526978 268.2173767089844 501.0274658203125 449.80987548828125 555.493896484375
0 0.9833235740661621 1655.29736328125 439.6372375488281 1812.833251953125 490.4867248535156
0 0.9791336059570312 244.17713928222656 397.42730712890625 351.28875732421875 438.0370788574219
0 0.9740082621574402 1347.027099609375 414.7483825683594 1499.6578369140625 479.6638488769531
0 0.9717637300491333 154.0861358642578 400.8378601074219 226.42333984375 437.1160888671875
0 0.9660976529121399 23.912240982055664 368.6104431152344 117.43894958496094 401.432373046875
0 0.9658918380737305 844.6177978515625 354.0616149902344 881.1085205078125 390.6582946777344
0 0.9532212615013123 1002.9774780273438 485.50885009765625 1156.7554931640625 553.60546875
0 0.9519792199134827 863.1026611328125 327.2650451660156 894.1373901367188 354.1235656738281
0 0.9511882066726685 1023.5767822265625 420.85687255859375 1145.6063232421875 473.7581481933594
0 0.9415104985237122 119.04037475585938 349.421630859375 189.89752197265625 381.3948059082031
