0 0.9866154789924622 487.2710266113281 442.64410400390625 655.8693237304688 519.3951416015625
0 0.9863504767417908 248.4956817626953 503.0310363769531 446.3502502441406 574.8076171875
0 0.9825319051742554 16.362728118896484 519.3416748046875 233.1708526611328 597.6265869140625
0 0.9824495315551758 476.07366943359375 520.9974975585938 655.5963745117188 591.5144653320312
0 0.9823581576347351 221.93153381347656 386.5079040527344 363.9878234863281 433.8985290527344
0 0.9801113605499268 87.01644134521484 386.10272216796875 217.27294921875 446.8575744628906
0 0.96299147605896 883.8773803710938 211.60968017578125 917.4479370117188 247.8468475341797
0 0.9425102472305298 1106.13037109375 840.6024780273438 1250.675537109375 1075.602783203125
0 0.9405220150947571 1188.8968505859375 561.6246337890625 1286.45654296875 680.6459350585938
0 0.9388784766197205 952.0657348632812 242.33255004882812 991.2349243164062 280.7107238769531
0 0.93513023853302 1789.1339111328125 378.0445251464844 1919.9993896484375 434.7766418457031
