0 0.9831646680831909 29.77050018310547 379.3755187988281 211.203369140625 437.71575927734375
0 0.9809356331825256 1.8675899505615234 328.3607482910156 128.8621368408203 373.9012756347656
0 0.9809136390686035 1512.467041015625 344.6251220703125 1684.3236083984375 390.1190490722656
0 0.9806204438209534 256.4195251464844 367.4480895996094 449.8809814453125 455.98388671875
0 0.9787553548812866 346.363037109375 340.3210754394531 519.3262939453125 407.6426696777344
0 0.9786260724067688 126.44998168945312 331.1803894042969 266.509033203125 372.475341796875
0 0.9776508808135986 1334.67919921875 338.595458984375 1484.046875 387.1626281738281
0 0.9719852805137634 594.4085083007812 558.1776733398438 855.8091430664062 868.24462890625
0 0.9689983129501343 149.72718811035156 364.8358459472656 268.36163330078125 412.10736083984375
0 0.9689056277275085 863.0059204101562 257.6446838378906 896.373779296875 291.0056457519531
