0 0.9831140041351318 29.68971061706543 379.4079895019531 211.09182739257812 437.74658203125
0 0.9810828566551208 1.8583946228027344 328.3441467285156 128.8760986328125 373.9025573730469
0 0.9809863567352295 1512.374267578125 344.6270751953125 1684.4058837890625 390.1412658691406
0 0.9800896644592285 256.4293212890625 367.4844970703125 449.82989501953125 455.9933166503906
0 0.9783716797828674 126.29525756835938 331.1369323730469 266.5242919921875 372.5487976074219
0 0.9783657789230347 1334.8907470703125 338.4893493652344 1484.05908203125 387.1293640136719
0 0.9776349067687988 346.2691955566406 340.3548583984375 519.2985229492188 407.6524658203125
0 0.9690488576889038 862.99072265625 257.6217956542969 896.3887939453125 291.0099182128906
0 0.9684262871742249 149.72731018066406 364.8040466308594 268.52374267578125 412.18316650390625
0 0.9670438766479492 503.8131408691406 611.6188354492188 828.7871704101562 1016.9883422851562
