0 0.9875106811523438 268.20831298828125 501.007080078125 449.7025451660156 555.4609985351562
0 0.9808242321014404 1632.6512451171875 439.5750732421875 1790.1512451171875 490.3116760253906
0 0.9784728288650513 243.88270568847656 397.1982421875 351.1654357910156 437.9794921875
0 0.9718732237815857 154.1051483154297 400.9206848144531 226.4143524169922 437.1246643066406
0 0.9714276790618896 1320.0118408203125 413.7006530761719 1470.791748046875 478.2187805175781
0 0.9658817648887634 844.6279907226562 354.0931396484375 881.095458984375 390.622314453125
0 0.9651909470558167 23.836275100708008 368.63128662109375 117.38328552246094 401.3766174316406
0 0.9639608860015869 986.881591796875 489.7342834472656 1137.2613525390625 561.96435546875
0 0.9514643549919128 863.0675048828125 327.2794189453125 894.092529296875 354.1424560546875
0 0.9410321116447449 118.99441528320312 349.4352111816406 189.86141967773438 381.38360595703125
0 0.9289933443069458 1016.217041015625 418.5111083984375 1123.2701416015625 468.981201171875
