0 0.9789791703224182 339.1664733886719 500.2200927734375 518.8526000976562 554.5015258789062
0 0.9770036935806274 244.46884155273438 397.4614562988281 350.7285461425781 438.12615966796875
0 0.9736988544464111 154.420654296875 400.8475646972656 226.44036865234375 437.2168884277344
0 0.9648531079292297 23.62456703186035 368.6567077636719 117.31077575683594 401.6859130859375
0 0.9644576907157898 844.013671875 353.7428894042969 881.3384399414062 390.6949768066406
0 0.9641643166542053 1048.0506591796875 436.9237976074219 1186.9493408203125 486.3611755371094
0 0.9477997422218323 862.9216918945312 327.08135986328125 894.2861938476562 354.1664123535156
0 0.9463025331497192 693.11865234375 397.81549072265625 813.026611328125 450.61505126953125
0 0.9445298910140991 119.41612243652344 349.5765686035156 189.8605194091797 381.2579040527344
0 0.9056349396705627 966.2333374023438 336.51287841796875 1001.6435546875 367.7287902832031
