0 0.9867153763771057 487.11944580078125 443.0484313964844 656.05224609375 519.445068359375
0 0.9862374067306519 248.748046875 503.01361083984375 446.18426513671875 574.683837890625
0 0.982974648475647 476.3797302246094 521.0548706054688 655.4535522460938 591.5244750976562
0 0.9824488162994385 221.99282836914062 386.6799621582031 363.9764099121094 434.00933837890625
0 0.9821388125419617 16.687545776367188 519.382568359375 233.2997589111328 597.6176147460938
0 0.9796092510223389 87.10858154296875 386.1227722167969 217.62176513671875 446.72564697265625
0 0.9640257358551025 884.0020751953125 211.69935607910156 917.458740234375 248.11431884765625
0 0.9398641586303711 1128.20654296875 605.0183715820312 1232.3721923828125 746.3485107421875
0 0.9293904900550842 1229.0618896484375 464.60394287109375 1373.5694580078125 546.2557983398438
0 0.6691689491271973 942.5447387695312 196.5892791748047 978.6602783203125 229.97984313964844
