0 0.9830087423324585 29.54743194580078 379.3272705078125 210.85464477539062 437.6134948730469
0 0.9816151857376099 1512.24462890625 344.5338439941406 1684.3360595703125 390.094482421875
0 0.9809855222702026 1.7046775817871094 328.4580383300781 128.57748413085938 373.90087890625
0 0.9809784293174744 256.7513732910156 367.2589111328125 449.76251220703125 456.0711669921875
0 0.9796070456504822 126.01959991455078 330.9939880371094 266.3797302246094 372.607421875
0 0.9788936972618103 346.6205139160156 340.2870178222656 519.8312377929688 407.5511169433594
0 0.97760009765625 1334.7945556640625 338.87188720703125 1484.3089599609375 387.4058837890625
0 0.9698386192321777 148.92742919921875 364.7395324707031 268.4588623046875 411.89605712890625
0 0.9609760642051697 863.0120239257812 257.58184814453125 896.2689208984375 290.9272155761719
0 0.927541971206665 887.8090209960938 307.6564636230469 952.5421142578125 374.15179443359375
