0 0.9825423359870911 29.64400863647461 379.4532470703125 211.0154571533203 437.8133544921875
0 0.9808021187782288 1512.3402099609375 344.5886535644531 1684.6160888671875 390.1270751953125
0 0.9803578853607178 1.3684844970703125 328.3959045410156 128.52810668945312 373.9127502441406
0 0.9799774289131165 256.56292724609375 367.5002746582031 449.68341064453125 455.80609130859375
0 0.9795962572097778 125.78402709960938 331.2651062011719 266.1494140625 372.5411071777344
0 0.9783347845077515 346.5244140625 340.29132080078125 519.6173706054688 407.6528625488281
0 0.9771512150764465 1334.3765869140625 338.70318603515625 1484.017822265625 387.1995849609375
0 0.9697190523147583 863.0499267578125 257.3863830566406 896.44580078125 290.86016845703125
0 0.9693006873130798 149.63787841796875 364.55712890625 268.74981689453125 412.1593322753906
0 0.9545391201972961 329.4736633300781 795.798583984375 749.0126953125 1082.0521240234375
