0 0.9834187030792236 29.755468368530273 379.51910400390625 211.01171875 437.88885498046875
0 0.9813605546951294 1512.544189453125 344.62664794921875 1684.42578125 390.2681579589844
0 0.9812631607055664 1.8475513458251953 328.4871826171875 128.38673400878906 373.8470764160156
0 0.98114413022995 256.3805236816406 366.9775085449219 449.5897521972656 456.1297302246094
0 0.9798949956893921 125.77030181884766 330.9880676269531 266.0969543457031 372.54345703125
0 0.9789751768112183 346.4110107421875 339.9820861816406 519.6513671875 407.311279296875
0 0.9777460098266602 1334.3997802734375 338.8664245605469 1483.8555908203125 387.12506103515625
0 0.9701259136199951 149.91458129882812 364.7997131347656 268.4006652832031 412.115478515625
0 0.968819797039032 862.9458618164062 257.2070617675781 896.521728515625 290.87860107421875
0 0.3569818437099457 87.87837219238281 370.2160949707031 248.0723876953125 420.4908142089844
