0 0.9867087602615356 487.2603454589844 442.6483154296875 655.839599609375 519.4998779296875
0 0.9864042401313782 248.45095825195312 503.0455017089844 446.3591613769531 574.8082885742188
0 0.9826787710189819 476.0548095703125 521.2332153320312 655.5711059570312 591.5105590820312
0 0.9825714230537415 221.9853057861328 386.5770568847656 363.9212341308594 433.8944396972656
0 0.9825624823570251 16.330204010009766 519.3257446289062 233.15538024902344 597.62451171875
0 0.9803721308708191 87.00894165039062 386.117431640625 217.12396240234375 446.82568359375
0 0.9630112648010254 883.917724609375 211.73622131347656 917.2716674804688 247.90325927734375
0 0.9521830081939697 1104.4921875 755.045166015625 1230.0162353515625 970.0518188476562
0 0.9466161727905273 1193.204345703125 523.435546875 1299.8197021484375 626.2350463867188
0 0.924582839012146 949.392333984375 227.35731506347656 987.4833984375 264.38067626953125
