0 0.9832997918128967 29.67630386352539 379.4388732910156 211.26686096191406 437.8898010253906
0 0.9814651608467102 1.8077430725097656 328.35888671875 128.80587768554688 373.8584899902344
0 0.9806160926818848 256.20465087890625 367.49334716796875 449.88494873046875 455.89447021484375
0 0.9805271625518799 1512.267822265625 344.75787353515625 1684.640380859375 390.22998046875
0 0.9796351194381714 126.01771545410156 331.11798095703125 265.9586181640625 372.47491455078125
0 0.9782288670539856 346.6275329589844 340.1663818359375 519.7069702148438 407.26092529296875
0 0.9769287109375 1334.5718994140625 338.9770202636719 1483.8826904296875 387.2210998535156
0 0.9694753289222717 150.0500946044922 364.5992431640625 268.6905212402344 412.1177673339844
0 0.968476414680481 863.0454711914062 257.4990234375 896.4202880859375 290.8520202636719
0 0.38080939650535583 77.92601013183594 370.31781005859375 247.973876953125 421.3995666503906
