0 0.9738807678222656 1335.02392578125 338.6986999511719 1484.0174560546875 387.50439453125
0 0.9728404879570007 5.1076812744140625 328.5768127441406 127.59080505371094 374.2086181640625
0 0.9715863466262817 36.76896286010742 380.6763000488281 216.48367309570312 438.0767517089844
0 0.9713249802589417 282.53125 367.87939453125 473.5746765136719 456.6405944824219
0 0.9707125425338745 1513.1385498046875 344.99066162109375 1684.857177734375 389.9299011230469
0 0.9691786170005798 346.1999206542969 340.59588623046875 518.2356567382812 408.5168151855469
0 0.9681296944618225 124.7285385131836 330.95947265625 267.67352294921875 372.9887390136719
0 0.968041181564331 152.48214721679688 364.3358459472656 294.8510437011719 413.9523010253906
0 0.9546259641647339 863.3740234375 257.5721435546875 895.791015625 290.2997131347656
0 0.5714689493179321 1457.9302978515625 148.77838134765625 1526.57763671875 180.75892639160156
