0 0.9785633087158203 1415.587646484375 251.39822387695312 1601.83447265625 341.2112731933594
0 0.9717592000961304 66.52056884765625 335.1363830566406 275.6407470703125 421.244384765625
0 0.9680272340774536 1712.4063720703125 263.5487976074219 1916.2393798828125 331.12689208984375
0 0.9573312997817993 777.2194213867188 79.8790512084961 821.7021484375 132.1351776123047
0 0.9561424851417542 805.9776000976562 49.791893005371094 850.6416015625 89.8957748413086
0 0.950125515460968 780.7142944335938 290.86407470703125 897.5057373046875 499.9958801269531
0 0.9497738480567932 166.3589630126953 266.6000061035156 354.4021301269531 334.97894287109375
0 0.9283919334411621 129.92066955566406 210.510498046875 287.3484802246094 266.1165466308594
0 0.9054422974586487 895.4222412109375 94.79393005371094 951.0143432617188 146.3324432373047
0 0.4323042035102844 480.08343505859375 129.71104431152344 505.40325927734375 143.83250427246094
0 0.37668848037719727 1845.844970703125 681.98291015625 1875.3985595703125 695.9506225585938
0 0.35902708768844604 1790.5716552734375 65.19881439208984 1828.092529296875 85.05585479736328
