0 0.9823886752128601 268.9399108886719 502.1596374511719 448.9833984375 555.6472778320312
0 0.9711154699325562 243.38609313964844 397.76654052734375 350.7339172363281 438.19256591796875
0 0.9665030241012573 154.1790313720703 401.1207580566406 226.43167114257812 437.4625244140625
0 0.9641522169113159 1305.8770751953125 431.782470703125 1461.3316650390625 485.8321838378906
0 0.9611886143684387 1536.328125 417.1211242675781 1701.0853271484375 483.8445739746094
0 0.9608291387557983 1378.0203857421875 466.68634033203125 1548.5086669921875 521.3651123046875
0 0.9491197466850281 845.364990234375 353.8895568847656 881.06396484375 390.6088562011719
0 0.9306281805038452 827.1304321289062 442.5509033203125 891.0419311523438 493.7701721191406
0 0.9196507930755615 863.3688354492188 326.7889709472656 894.598388671875 354.660888671875
0 0.362682968378067 1894.6641845703125 124.8153076171875 1917.201904296875 142.7350311279297
