0 0.9815973043441772 79.24960327148438 356.1750793457031 211.6968994140625 413.47540283203125
0 0.9774821996688843 1620.292236328125 384.9681701660156 1797.4617919921875 462.818115234375
0 0.9763057231903076 1385.6929931640625 381.84088134765625 1554.0704345703125 466.8734436035156
0 0.9679631590843201 82.39188385009766 562.0167846679688 387.5195617675781 670.64599609375
0 0.9639933109283447 270.3142395019531 472.63525390625 461.570068359375 538.6682739257812
0 0.9631929397583008 609.98876953125 404.23858642578125 770.6990356445312 459.04461669921875
0 0.958190381526947 831.0853271484375 248.99644470214844 862.3024291992188 283.913818359375
0 0.9568215012550354 1477.2747802734375 565.4667358398438 1776.4923095703125 675.6106567382812
0 0.9555642008781433 941.5499267578125 487.984619140625 1143.0142822265625 569.2637329101562
0 0.6204147338867188 1445.58349609375 143.1181640625 1510.8551025390625 173.1121368408203
