0 0.9811848998069763 225.2252655029297 458.06396484375 443.1094665527344 530.765625
0 0.9792646169662476 78.94571685791016 356.37176513671875 211.5049591064453 413.32159423828125
0 0.978783369064331 1620.3447265625 384.27484130859375 1797.259033203125 462.76611328125
0 0.9780951738357544 1384.9495849609375 381.49578857421875 1554.1473388671875 466.9896545410156
0 0.9765405058860779 1.3166885375976562 456.64556884765625 147.60671997070312 520.9757080078125
0 0.9763721823692322 324.4377136230469 407.9319152832031 498.1387023925781 463.33477783203125
0 0.9609808921813965 831.1007690429688 248.9973602294922 862.339111328125 283.73736572265625
0 0.9593195915222168 1034.1474609375 690.5686645507812 1191.1494140625 905.5740966796875
0 0.9565517902374268 1039.473876953125 483.1636047363281 1146.40283203125 576.1784057617188
0 0.48284170031547546 1444.8651123046875 142.532958984375 1512.8082275390625 173.5455780029297
