0 0.9766589999198914 1059.76123046875 849.3283081054688 1225.4447021484375 1081.9412841796875
0 0.975874125957489 991.3839721679688 335.42279052734375 1056.5537109375 387.22064208984375
0 0.9700890779495239 71.13983917236328 493.48345947265625 307.6264343261719 596.66357421875
0 0.9595444202423096 1031.0936279296875 265.42156982421875 1091.51513671875 326.5368347167969
0 0.9579409956932068 1404.002197265625 466.25079345703125 1772.0888671875 673.15380859375
0 0.9552595019340515 1021.193359375 312.68365478515625 1070.4703369140625 354.052490234375
0 0.9476743340492249 1058.7828369140625 247.90335083007812 1110.812255859375 280.7463684082031
0 0.8948701620101929 1693.3048095703125 425.85369873046875 1888.3399658203125 498.170654296875
0 0.8490062952041626 1539.9547119140625 107.23339080810547 1591.7252197265625 140.93701171875
0 0.7838209867477417 1566.1737060546875 62.699180603027344 1683.8782958984375 127.19009399414062
0 0.4757407307624817 114.00929260253906 205.92022705078125 135.38067626953125 217.13186645507812
