0 0.9817323684692383 91.69123077392578 539.847412109375 390.1211242675781 632.884765625
0 0.9793450832366943 -0.36932373046875 448.9371032714844 204.94300842285156 507.16400146484375
0 0.978908360004425 22.402851104736328 412.2475280761719 217.31607055664062 458.5885925292969
0 0.9780932068824768 253.15342712402344 438.4536437988281 442.13287353515625 511.3318176269531
0 0.9733425378799438 94.04427337646484 345.3812561035156 230.23818969726562 401.71392822265625
0 0.9715961813926697 1398.3988037109375 392.1997375488281 1580.9122314453125 462.6036071777344
0 0.9636664390563965 1650.314697265625 390.7568054199219 1872.389404296875 470.4736022949219
0 0.9502869248390198 309.0581359863281 408.2005310058594 486.4507141113281 459.08966064453125
0 0.9389089345932007 283.9278869628906 371.1599426269531 439.1009216308594 425.3958740234375
0 0.8476386070251465 844.6290893554688 257.5815124511719 874.8184204101562 289.8752746582031
0 0.7199386358261108 1452.19873046875 146.62100219726562 1502.6373291015625 171.79324340820312
