0 0.9761824607849121 1059.56982421875 849.1685180664062 1225.48681640625 1081.9588623046875
0 0.976073682308197 991.47216796875 335.4334411621094 1056.37060546875 387.21295166015625
0 0.9698307514190674 71.34961700439453 493.1774597167969 307.6939392089844 596.9624633789062
0 0.9596823453903198 1030.8885498046875 265.606201171875 1091.53125 326.5087585449219
0 0.9563918113708496 1487.2607421875 479.76873779296875 1877.3050537109375 679.298583984375
0 0.9552958011627197 1021.0615234375 312.6993103027344 1070.1866455078125 354.03125
0 0.9464442133903503 1058.9700927734375 247.90283203125 1110.888427734375 280.8021240234375
0 0.8929263949394226 1560.3515625 64.77481842041016 1677.5694580078125 131.3666534423828
0 0.8282628655433655 1647.466552734375 421.00213623046875 1854.3680419921875 489.2245788574219
0 0.7214842438697815 1539.775390625 105.99092102050781 1592.432861328125 141.5382843017578
