0 0.982406497001648 91.92107391357422 539.6043090820312 389.260986328125 632.875732421875
0 0.9800141453742981 -0.5862236022949219 449.17950439453125 204.44595336914062 507.31695556640625
0 0.9791585206985474 253.3914794921875 438.7080993652344 441.6982727050781 511.33056640625
0 0.9788990616798401 22.460792541503906 412.0594787597656 217.17942810058594 458.8215026855469
0 0.9776439666748047 305.7557373046875 408.4779052734375 485.9327087402344 458.6794738769531
0 0.9716375470161438 94.19776916503906 345.3681335449219 230.44802856445312 401.5759582519531
0 0.9695395231246948 1489.4259033203125 388.75323486328125 1673.373046875 464.1211853027344
0 0.9657766819000244 1044.7015380859375 801.94921875 1276.1673583984375 1084.129150390625
0 0.9469279646873474 1757.6353759765625 387.64190673828125 1920.569580078125 463.5352783203125
0 0.7215861678123474 843.5890502929688 257.7022705078125 874.4895629882812 289.9751892089844
0 0.6959254145622253 1450.1754150390625 146.5990447998047 1503.9580078125 171.8079071044922
