0 0.9819132685661316 91.39755249023438 539.6431274414062 390.4091491699219 632.8094482421875
0 0.9794570803642273 0.19453811645507812 449.31787109375 203.95999145507812 507.33245849609375
0 0.9794149398803711 253.2530059814453 438.9617614746094 441.63494873046875 511.4769287109375
0 0.9789227247238159 22.426082611083984 412.1808776855469 217.31634521484375 458.778564453125
0 0.9780085682868958 307.29730224609375 408.41033935546875 486.0377502441406 458.729736328125
0 0.9731030464172363 1397.82568359375 392.04852294921875 1581.447509765625 462.48516845703125
0 0.9728455543518066 94.27075958251953 345.1166687011719 230.6088409423828 401.35430908203125
0 0.9629748463630676 1650.2047119140625 391.51019287109375 1872.301025390625 470.7017517089844
0 0.9362984895706177 617.3701171875 363.1644287109375 754.0853881835938 414.4971618652344
0 0.772526204586029 844.5831909179688 257.2920227050781 874.443115234375 288.9020690917969
0 0.6935204267501831 1451.4539794921875 147.29611206054688 1504.9769287109375 172.40570068359375
