0 0.9830722808837891 269.1785583496094 502.1567687988281 449.5025939941406 555.5907592773438
0 0.9754943251609802 1395.720703125 415.667724609375 1552.544677734375 482.6576843261719
0 0.9745801091194153 1692.8909912109375 438.7588195800781 1851.8602294921875 490.6231689453125
0 0.9722349047660828 243.53521728515625 397.6923828125 351.03900146484375 438.0086364746094
0 0.9666574597358704 154.05673217773438 400.9915771484375 226.42868041992188 437.0555725097656
0 0.9658430218696594 24.189062118530273 368.3450622558594 116.9817123413086 401.1751403808594
0 0.953772783279419 845.1542358398438 354.10382080078125 880.7451782226562 390.6156311035156
0 0.945366621017456 1042.6578369140625 480.39239501953125 1202.4327392578125 538.9772338867188
0 0.943490743637085 118.47480010986328 349.64794921875 188.9976348876953 381.3258972167969
0 0.9378949999809265 1048.9801025390625 425.520751953125 1189.702880859375 480.276611328125
0 0.9175845384597778 863.3003540039062 326.7140808105469 893.9033203125 354.4983825683594
0 0.39196640253067017 1517.4820556640625 34.22629165649414 1550.8729248046875 83.8661117553711
