0 0.9765505790710449 1059.8701171875 849.2173461914062 1225.412841796875 1081.93798828125
0 0.9760946035385132 991.3402099609375 335.3857727050781 1056.5819091796875 387.23291015625
0 0.9703313112258911 71.08557891845703 493.393798828125 307.5771179199219 596.6614379882812
0 0.9595820903778076 1031.062255859375 265.4091491699219 1091.5255126953125 326.5448913574219
0 0.9579175114631653 1313.295654296875 463.3627624511719 1670.9732666015625 669.3781127929688
0 0.9557607173919678 1021.1074829101562 312.66668701171875 1070.473388671875 354.0992126464844
0 0.9478352665901184 1058.801513671875 247.9112548828125 1110.8104248046875 280.74749755859375
0 0.9262932538986206 1708.77099609375 429.51153564453125 1914.6441650390625 501.1869812011719
0 0.8803427219390869 1541.63427734375 109.69949340820312 1591.2642822265625 141.3496551513672
0 0.7581535577774048 1574.3887939453125 63.07383728027344 1687.6080322265625 126.45357513427734
0 0.504179060459137 113.99581146240234 205.87290954589844 135.67727661132812 216.8194580078125
0 0.36740419268608093 346.71722412109375 273.9853515625 369.8517150878906 287.3561096191406
