0 0.9838250875473022 16.386131286621094 519.8822631835938 233.94525146484375 597.3848876953125
0 0.9827853441238403 487.2197570800781 443.3243713378906 655.19482421875 519.404296875
0 0.982004702091217 248.5645294189453 503.2949523925781 446.04876708984375 574.57861328125
0 0.9805189371109009 222.43081665039062 386.4284362792969 364.0678405761719 434.15679931640625
0 0.9788374900817871 476.02313232421875 521.7527465820312 655.2254028320312 591.44091796875
0 0.9754088521003723 86.50337219238281 385.66864013671875 217.21151733398438 446.8746643066406
0 0.9470343589782715 884.6256103515625 211.44032287597656 917.76220703125 247.29493713378906
0 0.9283311367034912 1126.3115234375 629.9591674804688 1230.8609619140625 780.8262329101562
0 0.9115691781044006 1221.079345703125 472.21929931640625 1354.626220703125 557.8993530273438
0 0.9027754068374634 945.9560546875 200.7487030029297 981.1311645507812 234.99185180664062
