0 0.982494056224823 269.0853576660156 502.0518798828125 450.0787353515625 555.4588623046875
0 0.972985565662384 243.50198364257812 397.5948791503906 351.2109375 438.13690185546875
0 0.9726861119270325 1753.527099609375 438.7541198730469 1914.5474853515625 489.910400390625
0 0.965921938419342 153.94898986816406 400.8079833984375 226.38418579101562 437.2275695800781
0 0.9571312069892883 1122.09912109375 429.53851318359375 1275.009765625 487.1529235839844
0 0.9554494023323059 845.1735229492188 354.0926818847656 880.8294677734375 390.5552062988281
0 0.9542917013168335 1134.8165283203125 471.73876953125 1302.2314453125 525.9583740234375
0 0.9381927847862244 1460.4075927734375 418.23504638671875 1620.4293212890625 483.4565734863281
0 0.9209244847297668 863.2582397460938 326.78759765625 893.9243774414062 354.4571228027344
0 0.49738043546676636 1572.130859375 246.15428161621094 1616.6961669921875 311.3816223144531
0 0.461582750082016 1517.37890625 34.32631301879883 1550.6978759765625 83.6104507446289
0 0.4580788016319275 118.6515884399414 348.75640869140625 189.401611328125 382.41241455078125
