0 0.9824084043502808 91.67914581298828 539.5101318359375 390.0413818359375 632.7342529296875
0 0.9794510006904602 253.38525390625 438.3662414550781 441.43353271484375 511.525390625
0 0.978915274143219 0.07588577270507812 449.2486267089844 204.3830108642578 507.3132019042969
0 0.978783905506134 22.137371063232422 412.2267150878906 217.5329132080078 459.05877685546875
0 0.9780856966972351 306.6702575683594 408.51031494140625 485.9906921386719 458.60028076171875
0 0.9728534817695618 94.3011474609375 345.103759765625 230.36953735351562 401.4049072265625
0 0.9698997139930725 1047.0474853515625 834.1217651367188 1278.8016357421875 1080.7554931640625
0 0.9695735573768616 1526.20458984375 390.655517578125 1715.0474853515625 464.0126037597656
0 0.8118757009506226 1811.1461181640625 396.7138366699219 1919.66943359375 464.2467041015625
0 0.6619855165481567 1452.372802734375 144.98135375976562 1504.8685302734375 169.73631286621094
