0 0.9829769134521484 269.158935546875 502.1325988769531 449.4418029785156 555.5927734375
0 0.9749565720558167 1673.86865234375 438.3681640625 1833.2498779296875 490.583984375
0 0.9726086258888245 1374.1549072265625 416.533935546875 1527.8846435546875 481.83905029296875
0 0.9722254872322083 243.5583038330078 397.6982421875 351.1236572265625 438.0291442871094
0 0.9665709733963013 154.10792541503906 401.0340576171875 226.52005004882812 437.0464172363281
0 0.9661656022071838 24.21072006225586 368.34173583984375 117.06722259521484 401.09747314453125
0 0.9531543850898743 845.1370849609375 354.0994873046875 880.728759765625 390.6105651855469
0 0.9445689916610718 118.50904083251953 349.6943664550781 189.08981323242188 381.3757019042969
0 0.9314613342285156 1021.641357421875 482.54351806640625 1180.677001953125 545.506591796875
0 0.9297295808792114 1034.6539306640625 423.6982116699219 1164.746826171875 476.28326416015625
0 0.9172044992446899 863.2717895507812 326.75408935546875 893.8397827148438 354.5058288574219
0 0.4072437584400177 1517.6473388671875 34.209815979003906 1550.9842529296875 83.98774719238281
