0 0.9795622229576111 257.14141845703125 367.8544006347656 449.9007568359375 456.01263427734375
0 0.9749524593353271 346.47662353515625 340.433837890625 519.2777709960938 408.3065490722656
0 0.97440505027771 30.206073760986328 380.0884094238281 209.27975463867188 437.8246765136719
0 0.9739611148834229 1335.2220458984375 338.55572509765625 1483.892333984375 387.4595947265625
0 0.9731674194335938 5.125225067138672 328.2833251953125 127.81222534179688 374.1359558105469
0 0.9720421433448792 1512.59423828125 344.9077453613281 1684.272216796875 389.7722473144531
0 0.9719759225845337 125.12258911132812 331.0323486328125 267.26385498046875 372.8848571777344
0 0.9712007641792297 149.56283569335938 365.0855712890625 268.2259826660156 412.45843505859375
0 0.9400490522384644 863.224609375 257.3196716308594 895.5073852539062 290.054443359375
0 0.8933141827583313 885.1232299804688 311.2196960449219 951.5663452148438 378.5865783691406
