0 0.9793704152107239 256.7577209472656 367.56402587890625 449.73333740234375 455.89044189453125
0 0.9755781888961792 346.08209228515625 340.25738525390625 518.4385375976562 408.1800231933594
0 0.9750056266784668 30.16750717163086 380.1629638671875 209.2136993408203 437.8072204589844
0 0.9741197228431702 1335.392578125 338.8017578125 1483.780517578125 387.4924621582031
0 0.9735062122344971 5.515108108520508 328.3787536621094 127.9053726196289 374.1562194824219
0 0.9721156358718872 125.20378875732422 330.8676452636719 267.2051696777344 372.79815673828125
0 0.9712387323379517 149.7552947998047 365.0074462890625 268.6190185546875 412.4321594238281
0 0.970897376537323 1513.105712890625 345.1382751464844 1684.900390625 389.84124755859375
0 0.9445858597755432 863.494873046875 257.1966247558594 895.9131469726562 290.1390380859375
0 0.9161737561225891 881.0725708007812 317.801513671875 947.8282470703125 384.2586364746094
0 0.5627869963645935 1456.255615234375 149.66688537597656 1525.546142578125 181.02743530273438
