0 0.97829669713974 1415.206298828125 251.13999938964844 1602.110595703125 341.2752990722656
0 0.9685130715370178 1712.4364013671875 263.58837890625 1916.21484375 331.009765625
0 0.9632720351219177 258.7400817871094 809.7286376953125 494.4605712890625 1080.5604248046875
0 0.9563969969749451 777.3798217773438 79.52915954589844 821.4650268554688 131.92333984375
0 0.9494945406913757 805.0548706054688 49.7986946105957 850.8424072265625 89.45763397216797
0 0.9412197470664978 284.1713562011719 260.0117492675781 472.5896301269531 329.357177734375
0 0.936509370803833 423.1421813964844 468.3734436035156 535.8051147460938 639.5519409179688
0 0.9146150350570679 294.1245422363281 322.3409118652344 461.5351867675781 387.786376953125
0 0.7967733144760132 903.2991943359375 0.3439292907714844 951.9406127929688 52.99513244628906
0 0.49967122077941895 479.94342041015625 129.41139221191406 504.632080078125 143.58660888671875
