0 0.975835382938385 4.723508834838867 328.7351989746094 126.84315490722656 373.9587097167969
0 0.9687867760658264 890.2430419921875 403.20074462890625 1106.056640625 516.1526489257812
0 0.9672308564186096 341.61419677734375 338.7038269042969 516.4967651367188 407.4696350097656
0 0.96470046043396 152.01319885253906 363.1465148925781 332.0384521484375 418.0958251953125
0 0.9646671414375305 124.8218994140625 330.9267883300781 265.17462158203125 372.2359619140625
0 0.9559580683708191 863.0784912109375 256.9804992675781 895.847412109375 289.9603271484375
0 0.9536939859390259 1407.6956787109375 344.6655578613281 1576.2060546875 389.6935729980469
0 0.9508224129676819 398.82086181640625 382.4458923339844 569.9527587890625 442.82171630859375
0 0.9495706558227539 1098.7347412109375 337.8958740234375 1244.123291015625 387.6422424316406
0 0.5448116660118103 1458.567626953125 149.8826141357422 1525.7713623046875 180.04847717285156
