0 0.9814230799674988 78.67611694335938 356.2505187988281 211.79063415527344 413.5577392578125
0 0.9790841937065125 1620.5152587890625 385.2102355957031 1796.8546142578125 462.9044494628906
0 0.9755020141601562 1385.30224609375 381.90985107421875 1554.9072265625 466.5995178222656
0 0.9685190320014954 0.9429302215576172 461.32525634765625 165.776611328125 524.4973754882812
0 0.9629835486412048 35.506919860839844 564.1884765625 352.0035095214844 676.9664306640625
0 0.9602982997894287 831.2074584960938 248.8391571044922 862.7041625976562 283.7649230957031
0 0.9581528902053833 482.0229797363281 411.3748474121094 650.5321655273438 465.51885986328125
0 0.9523346424102783 1054.9775390625 527.4884643554688 1297.6988525390625 633.871826171875
0 0.9500850439071655 542.3472900390625 469.5425720214844 735.8124389648438 542.1029663085938
0 0.6751663684844971 1445.2857666015625 141.5845184326172 1510.1099853515625 173.78135681152344
