0 0.9823116064071655 269.27117919921875 502.1686096191406 448.78271484375 555.6397705078125
0 0.972841739654541 243.3420867919922 397.6510925292969 351.08160400390625 438.1115417480469
0 0.9700320959091187 1218.88916015625 440.7657470703125 1364.524169921875 491.2095642089844
0 0.9657975435256958 154.10414123535156 401.1524963378906 226.2300262451172 437.0992126464844
0 0.9649556279182434 24.170181274414062 368.7206115722656 116.88313293457031 401.2178955078125
0 0.9565521478652954 626.3876953125 698.7055053710938 821.0592651367188 910.6642456054688
0 0.949755072593689 844.6650390625 353.7933654785156 880.7615356445312 390.9061279296875
0 0.9439669847488403 907.359619140625 407.40411376953125 1039.045166015625 464.0238952636719
0 0.9416594505310059 118.43916320800781 350.1097412109375 189.2518310546875 381.8148498535156
0 0.9155255556106567 863.2157592773438 326.7132263183594 894.0767211914062 354.54766845703125
0 0.8568135499954224 973.2637939453125 365.4245910644531 1010.8868408203125 403.39581298828125
0 0.4980672299861908 1571.4327392578125 245.08094787597656 1617.4127197265625 310.23504638671875
