0 0.9825091361999512 92.35829162597656 539.3984375 390.6224060058594 632.8218383789062
0 0.9796705842018127 254.84593200683594 438.3088073730469 441.7398376464844 511.2144470214844
0 0.9791153073310852 22.55364990234375 412.2435607910156 217.20693969726562 458.87274169921875
0 0.9785557985305786 0.405303955078125 449.5443420410156 204.5828857421875 507.2669677734375
0 0.9779772758483887 307.2117004394531 408.6242980957031 486.77655029296875 458.88116455078125
0 0.9755354523658752 94.15335845947266 344.1153259277344 230.73577880859375 400.55804443359375
0 0.9715211987495422 1396.150146484375 395.4534606933594 1581.6768798828125 463.2098083496094
0 0.9685847163200378 1650.273681640625 391.7332763671875 1872.2718505859375 471.1160888671875
0 0.9644715189933777 1438.438720703125 353.21453857421875 1613.750244140625 425.7127380371094
0 0.6306211352348328 1452.2972412109375 148.58285522460938 1501.1673583984375 170.43914794921875
