0 0.9749677181243896 1334.79541015625 338.8209228515625 1483.7271728515625 387.5213928222656
0 0.9737539291381836 4.520914077758789 328.2605285644531 128.21612548828125 374.3864440917969
0 0.9719567894935608 46.030452728271484 380.82733154296875 224.392333984375 438.3857116699219
0 0.970522940158844 1513.0726318359375 345.0852355957031 1684.9420166015625 389.8959045410156
0 0.9673891067504883 125.39813232421875 330.9036865234375 266.90966796875 372.9583435058594
0 0.9558257460594177 345.636474609375 340.16650390625 518.0169067382812 406.8436279296875
0 0.9545345306396484 863.4177856445312 257.454345703125 895.9263305664062 290.1910400390625
0 0.9512470364570618 157.297607421875 363.7638244628906 324.4090881347656 415.83856201171875
0 0.9386134147644043 314.887939453125 368.7859191894531 504.5843811035156 459.88018798828125
0 0.49045655131340027 1457.7369384765625 149.03665161132812 1525.58203125 180.67269897460938
