0 0.9838573336601257 16.31536102294922 519.8658447265625 234.54571533203125 597.4610595703125
0 0.9824042320251465 487.17547607421875 442.96044921875 654.8424682617188 519.2332763671875
0 0.981965184211731 248.59423828125 503.20294189453125 445.9643859863281 574.684814453125
0 0.9809348583221436 222.08021545410156 386.2558898925781 363.98345947265625 434.04119873046875
0 0.9782344698905945 476.2581481933594 521.421630859375 656.2515258789062 591.514404296875
0 0.9756860136985779 86.50483703613281 385.69317626953125 217.41664123535156 446.7264404296875
0 0.9578800201416016 1169.4583740234375 682.7312622070312 1286.4366455078125 862.86572265625
0 0.9513984322547913 884.1148681640625 211.22293090820312 917.1917724609375 247.48179626464844
0 0.9401647448539734 1546.442138671875 386.0552062988281 1703.6180419921875 439.4527893066406
0 0.9265243411064148 957.2237548828125 265.01953125 998.939208984375 307.259033203125
