0 0.9824255704879761 270.42938232421875 501.97076416015625 449.75665283203125 555.4615478515625
0 0.9725527167320251 243.23812866210938 397.6444091796875 351.041015625 438.058349609375
0 0.9681170582771301 1166.9813232421875 441.1132507324219 1310.7689208984375 491.13262939453125
0 0.9654707312583923 154.04461669921875 401.1191711425781 226.2037811279297 437.07073974609375
0 0.9649093747138977 24.24257469177246 368.76104736328125 116.80718994140625 401.28143310546875
0 0.9617770910263062 511.9054260253906 803.196533203125 778.9190063476562 1078.3428955078125
0 0.9488325715065002 843.08447265625 403.4110412597656 973.9261474609375 459.7108459472656
0 0.9399906992912292 118.40196990966797 350.20404052734375 189.2921142578125 381.78387451171875
0 0.9169716238975525 843.8703002929688 353.85626220703125 880.928466796875 390.7449645996094
0 0.9037070274353027 863.420654296875 326.9607849121094 894.2054443359375 354.6777648925781
0 0.8961634635925293 970.9273681640625 357.5503234863281 1006.8717041015625 392.7198486328125
0 0.5288399457931519 1571.262939453125 245.2170867919922 1617.25244140625 310.3197326660156
