0 0.9828783869743347 269.302734375 502.0906982421875 449.3758850097656 555.6029663085938
0 0.9721968770027161 243.18836975097656 397.7945251464844 350.93365478515625 438.0927429199219
0 0.9686967134475708 1545.4207763671875 438.9300842285156 1699.56298828125 490.5421142578125
0 0.9676405191421509 154.0997772216797 401.1827087402344 226.3948974609375 437.0668029785156
0 0.9666107892990112 24.46417236328125 368.65740966796875 116.71553039550781 401.0675354003906
0 0.9618380665779114 1241.7183837890625 412.5029602050781 1385.3763427734375 474.9714050292969
0 0.952915608882904 845.0916748046875 354.0320129394531 880.7776489257812 390.60186767578125
0 0.9465909004211426 934.4011840820312 509.0446472167969 1078.254638671875 590.8033447265625
0 0.9434123039245605 118.98193359375 349.9712219238281 188.86940002441406 381.4731750488281
0 0.9183959364891052 995.9761962890625 407.1438293457031 1073.2625732421875 452.34881591796875
0 0.9169757962226868 863.131591796875 326.8667907714844 893.82958984375 354.32958984375
0 0.4715622663497925 1572.1473388671875 246.17721557617188 1616.605712890625 310.0271301269531
