0 0.9824224710464478 269.3018493652344 502.035400390625 448.8745422363281 555.6151733398438
0 0.9729365706443787 243.24624633789062 397.642822265625 351.0004577636719 438.1238708496094
0 0.9705941081047058 1192.8739013671875 440.923095703125 1337.3876953125 491.1822509765625
0 0.9657521843910217 24.244155883789062 368.720947265625 116.86775970458984 401.28021240234375
0 0.9656249284744263 154.1414794921875 401.1152648925781 226.18260192871094 437.0905456542969
0 0.9550593495368958 576.1935424804688 744.1056518554688 800.8016967773438 1004.442138671875
0 0.9415227174758911 118.46141815185547 350.156982421875 189.3484344482422 381.8153381347656
0 0.9401944875717163 844.5422973632812 353.9717102050781 880.8330688476562 390.71405029296875
0 0.9345755577087402 874.4824829101562 405.7959899902344 1004.929931640625 461.58648681640625
0 0.9116086959838867 863.3677368164062 326.9680480957031 894.0606079101562 354.5657958984375
0 0.880546510219574 971.9605102539062 361.4888000488281 1008.4072875976562 398.3491516113281
0 0.5473848581314087 1571.41748046875 245.22314453125 1617.2227783203125 310.3525085449219
