0 0.9763191938400269 991.365478515625 335.4161071777344 1056.484130859375 387.2923278808594
0 0.9755074977874756 1059.8570556640625 849.2290649414062 1225.4876708984375 1081.951904296875
0 0.9700102210044861 70.92503356933594 493.4256591796875 307.6474304199219 596.6726684570312
0 0.9597235321998596 1031.142333984375 265.3853759765625 1091.4920654296875 326.5375061035156
0 0.9576494693756104 1153.6260986328125 453.5613098144531 1493.3470458984375 656.5350952148438
0 0.9560749530792236 1021.1928100585938 312.6553039550781 1070.4285888671875 354.0732421875
0 0.9474369883537292 1058.92236328125 247.92454528808594 1110.7913818359375 280.6919860839844
0 0.9114119410514832 1773.3399658203125 438.82244873046875 1918.2994384765625 503.9427185058594
0 0.911198079586029 1542.252685546875 109.78874206542969 1592.2445068359375 141.26902770996094
0 0.6154816746711731 1599.2967529296875 60.023780822753906 1693.331298828125 120.5493392944336
