0 0.9838003516197205 16.434654235839844 519.8682861328125 233.93405151367188 597.388916015625
0 0.9827701449394226 487.25189208984375 443.357666015625 655.2017822265625 519.461669921875
0 0.981991171836853 248.5546875 503.29779052734375 446.02789306640625 574.5809936523438
0 0.9805626273155212 222.3169708251953 386.4101257324219 364.0687561035156 434.1658630371094
0 0.9789828062057495 476.05133056640625 521.728271484375 655.2266845703125 591.4235229492188
0 0.9752742648124695 86.5047836303711 385.6888732910156 217.1089324951172 446.8913269042969
0 0.9493499994277954 884.5899047851562 211.46559143066406 917.8048706054688 247.2918243408203
0 0.9443265795707703 1134.721923828125 580.9586791992188 1237.978271484375 713.7658081054688
0 0.9350376129150391 1243.01513671875 459.7315979003906 1394.51513671875 534.7932739257812
0 0.842518150806427 943.8203125 191.9828338623047 975.641845703125 223.6058349609375
