0 0.978283703327179 1415.7353515625 251.38092041015625 1602.0213623046875 341.2817077636719
0 0.9694024920463562 1713.20703125 263.5765686035156 1916.2882080078125 331.043701171875
0 0.956298828125 777.4491577148438 79.56416320800781 821.6054077148438 131.80870056152344
0 0.9547344446182251 417.4603271484375 540.9772338867188 561.1038818359375 746.7373657226562
0 0.9474809169769287 804.3865356445312 50.59225082397461 851.1699829101562 90.17446899414062
0 0.9445204734802246 190.90455627441406 263.4539489746094 385.8768310546875 332.4356384277344
0 0.9387293457984924 377.66552734375 369.2010803222656 528.4046630859375 485.65826416015625
0 0.9365386366844177 1.3594379425048828 335.9030456542969 169.60528564453125 407.5492858886719
0 0.9151015281677246 898.03515625 1.009054183959961 948.6251831054688 83.78511810302734
0 0.4464872181415558 1845.2667236328125 681.7402954101562 1876.0423583984375 696.2957153320312
