0 0.9799285531044006 257.2830810546875 367.60455322265625 449.1197204589844 455.6360778808594
0 0.9764751195907593 345.68768310546875 340.1781311035156 518.567138671875 408.11346435546875
0 0.9743771553039551 5.495429992675781 328.40313720703125 127.53062438964844 373.3802185058594
0 0.9738672375679016 1335.242919921875 338.8754577636719 1484.3720703125 387.6665954589844
0 0.9686059355735779 124.86351776123047 331.18011474609375 266.4324035644531 372.6283264160156
0 0.9668889045715332 1548.541748046875 344.9507141113281 1721.4361572265625 390.0523681640625
0 0.9647671580314636 1.0344314575195312 379.5791931152344 175.44921875 436.74407958984375
0 0.9634026885032654 150.46701049804688 365.89080810546875 269.4306335449219 414.51300048828125
0 0.9420623183250427 863.4664916992188 257.5995788574219 895.7307739257812 290.252197265625
0 0.9145615696907043 905.3497924804688 285.4440612792969 958.6602172851562 341.4488830566406
0 0.37314751744270325 1456.2978515625 149.7952880859375 1525.216796875 182.44065856933594
