0 0.9789866805076599 257.1230163574219 367.47845458984375 449.3409118652344 456.03656005859375
0 0.9760008454322815 345.5585632324219 340.2818298339844 518.8663940429688 408.448974609375
0 0.974521279335022 30.331295013427734 380.209716796875 209.64646911621094 437.8275451660156
0 0.9733849763870239 5.595983505249023 328.40911865234375 127.64122009277344 374.17852783203125
0 0.9721317887306213 125.17292022705078 331.06689453125 267.177001953125 372.8062438964844
0 0.9718789458274841 1335.065185546875 338.8605651855469 1483.977783203125 387.5495300292969
0 0.9718741774559021 149.97225952148438 364.80426025390625 268.55859375 412.40673828125
0 0.9703608155250549 1512.6971435546875 344.9333801269531 1684.3128662109375 389.83062744140625
0 0.9554076790809631 863.3812866210938 257.3666687011719 895.6389770507812 290.2720031738281
0 0.9464399814605713 837.1278076171875 358.6722106933594 934.85888671875 464.4188232421875
0 0.417707622051239 1456.8660888671875 149.37510681152344 1524.5394287109375 181.04434204101562
