0 0.9830271601676941 269.2459411621094 502.07403564453125 449.447021484375 555.6069946289062
0 0.9718768000602722 243.06944274902344 397.852294921875 350.81390380859375 438.1285400390625
0 0.9669877886772156 154.0026092529297 401.1224670410156 226.35044860839844 437.07843017578125
0 0.9664960503578186 24.453388214111328 368.5743713378906 116.70458221435547 401.0528869628906
0 0.9586290121078491 1267.07958984375 411.0972595214844 1413.629150390625 474.3992919921875
0 0.9567509293556213 1586.39111328125 439.91009521484375 1733.0194091796875 489.4953308105469
0 0.9524742960929871 845.1002807617188 354.0954895019531 880.706787109375 390.5636291503906
0 0.9460223317146301 952.8514404296875 501.4616394042969 1099.3509521484375 581.17529296875
0 0.9422749280929565 118.81886291503906 349.8534851074219 188.95260620117188 381.4828186035156
0 0.9281612038612366 1001.883544921875 410.54473876953125 1088.1434326171875 457.3832092285156
0 0.9168888926506042 863.1617431640625 326.889404296875 893.85791015625 354.3358154296875
0 0.4864100515842438 1572.306640625 246.2606201171875 1616.49951171875 309.93310546875
