0 0.9803829789161682 1394.1785888671875 393.7122802734375 1581.813720703125 463.8218994140625
0 0.9790641665458679 94.16961669921875 342.4124755859375 231.15005493164062 398.8197326660156
0 0.9717125296592712 92.88590240478516 540.3167114257812 384.2296142578125 634.165283203125
0 0.9715170860290527 1337.986083984375 352.4898986816406 1506.89501953125 422.1419982910156
0 0.9690353870391846 1649.7635498046875 392.02130126953125 1872.2978515625 471.267333984375
0 0.9450743794441223 181.92535400390625 451.66455078125 384.1011657714844 519.658203125
0 0.9334755539894104 575.9497680664062 401.85205078125 741.4756469726562 457.7255859375
0 0.8981179594993591 657.325927734375 515.647216796875 773.0191040039062 648.448486328125
0 0.8477372527122498 985.1482543945312 317.0954284667969 1039.30419921875 361.27642822265625
0 0.6557995080947876 1454.48291015625 147.33897399902344 1502.2598876953125 168.95263671875
0 0.5882712602615356 844.4712524414062 257.6357116699219 874.5932006835938 289.5441589355469
