0 0.9747746586799622 4.43873405456543 328.6263122558594 127.12506866455078 373.9785461425781
0 0.9728310108184814 342.3489074707031 337.8451232910156 518.3772583007812 407.5632019042969
0 0.9642205238342285 124.62881469726562 330.8258972167969 265.63726806640625 372.5208740234375
0 0.9639523029327393 152.46827697753906 363.3667297363281 331.572021484375 418.0272521972656
0 0.9537641406059265 672.1558837890625 338.0181884765625 810.6791381835938 387.33209228515625
0 0.9533647298812866 863.4781494140625 257.5445556640625 895.3639526367188 289.8661193847656
0 0.9329646229743958 1154.0950927734375 341.4459228515625 1308.585205078125 389.43011474609375
0 0.9293935894966125 681.5416259765625 401.0863037109375 803.2586669921875 478.7203674316406
0 0.8837106823921204 1810.755615234375 467.44091796875 1920.28857421875 593.4765014648438
0 0.49473363161087036 1457.41259765625 147.05612182617188 1529.7738037109375 182.24710083007812
