0 0.9816874861717224 92.92447662353516 539.4564208984375 392.7876281738281 632.465576171875
0 0.9782199263572693 1.08673095703125 449.5512390136719 206.58787536621094 507.42694091796875
0 0.9778599143028259 27.298748016357422 412.38299560546875 221.85923767089844 459.4340515136719
0 0.9766730666160583 1396.020263671875 394.56402587890625 1581.5673828125 463.1479187011719
0 0.9755175709724426 93.9265365600586 342.2786560058594 230.55364990234375 399.56298828125
0 0.9741407036781311 287.6673278808594 441.06317138671875 474.26617431640625 512.5651245117188
0 0.970856249332428 319.53863525390625 410.2055969238281 502.0278625488281 459.20654296875
0 0.9677813053131104 1649.9239501953125 391.869873046875 1872.1253662109375 471.263671875
0 0.9604279398918152 1410.93994140625 352.36724853515625 1586.28369140625 423.8714904785156
0 0.7371249794960022 1453.494140625 146.5382843017578 1502.678466796875 170.18614196777344
