0 0.9828618764877319 91.26554107666016 539.7815551757812 390.12225341796875 632.7952270507812
0 0.9793499708175659 253.69532775878906 438.9062194824219 441.53826904296875 511.4737548828125
0 0.9780430793762207 305.97198486328125 408.4946594238281 486.3873596191406 458.63726806640625
0 0.9779499173164368 22.846240997314453 412.1982421875 216.9012908935547 458.764892578125
0 0.9775167107582092 0.16526412963867188 449.3687744140625 204.57412719726562 507.11895751953125
0 0.9741750955581665 94.0142822265625 343.9468688964844 230.55465698242188 400.73577880859375
0 0.9722598195075989 1397.891357421875 392.08026123046875 1581.2637939453125 462.5833740234375
0 0.96307373046875 1652.7855224609375 392.6643981933594 1871.8778076171875 470.5957336425781
0 0.9100392460823059 1685.338623046875 354.1484375 1874.7967529296875 424.74713134765625
0 0.6625178456306458 1453.604248046875 147.0127716064453 1503.8846435546875 170.26632690429688
