0 0.9794749617576599 257.4782409667969 367.86602783203125 450.29034423828125 455.905517578125
0 0.9750737547874451 345.63140869140625 340.0616455078125 518.8051147460938 407.99688720703125
0 0.9732832908630371 30.1435604095459 380.1601867675781 209.89971923828125 437.9479064941406
0 0.9725663661956787 124.64492797851562 330.9623107910156 267.1197509765625 372.7780456542969
0 0.9721078276634216 1334.9915771484375 338.5767517089844 1483.952392578125 387.4659118652344
0 0.9718707799911499 5.037712097167969 328.3137512207031 127.51582336425781 374.0623779296875
0 0.9707951545715332 149.88047790527344 365.06756591796875 268.22479248046875 412.6994323730469
0 0.9700687527656555 1513.159912109375 345.0225524902344 1685.14208984375 389.9224853515625
0 0.9553146362304688 863.3633422851562 257.26434326171875 895.8722534179688 290.0549621582031
0 0.3534389138221741 1456.1943359375 149.92196655273438 1524.0506591796875 181.74057006835938
