0 0.9823168516159058 91.10469818115234 539.5515747070312 390.2706298828125 632.8109130859375
0 0.9799226522445679 254.00042724609375 438.171875 441.20855712890625 511.31390380859375
0 0.978267252445221 307.3387756347656 408.79827880859375 485.89306640625 458.63665771484375
0 0.9775896072387695 0.5530471801757812 449.44500732421875 205.24124145507812 507.31109619140625
0 0.9736835360527039 1397.9044189453125 392.11761474609375 1581.462158203125 462.6583557128906
0 0.9722298383712769 18.80133819580078 412.72412109375 217.669921875 459.9708251953125
0 0.9639080166816711 1650.3343505859375 391.1183166503906 1872.2061767578125 470.6271057128906
0 0.9578722715377808 100.17499542236328 344.3441162109375 230.88560485839844 400.9162292480469
0 0.8305743336677551 0.8118553161621094 375.7708740234375 137.677734375 420.48944091796875
0 0.6751886010169983 1453.3907470703125 146.0771942138672 1505.108642578125 170.291259765625
0 0.4585658311843872 844.6615600585938 257.806640625 875.1306762695312 289.7195739746094
