0 0.9804348945617676 1394.141357421875 393.7174987792969 1581.85546875 463.8050537109375
0 0.9791783690452576 93.40523529052734 342.3052673339844 230.9108428955078 398.7127990722656
0 0.9718260169029236 1337.9527587890625 352.5136413574219 1506.81640625 422.0453796386719
0 0.9716196656227112 92.3906021118164 540.2783813476562 387.12213134765625 634.4656372070312
0 0.9689468145370483 1649.7763671875 392.0195007324219 1872.2777099609375 471.27752685546875
0 0.9504409432411194 117.15518951416016 450.7002868652344 327.1155700683594 517.1658935546875
0 0.9349437952041626 544.25732421875 404.2517395019531 712.8887329101562 458.668212890625
0 0.911160409450531 651.6546630859375 499.5107116699219 772.7774047851562 617.834716796875
0 0.8891084790229797 979.656005859375 321.80426025390625 1036.6611328125 366.66156005859375
0 0.8161368370056152 844.4276733398438 257.6363220214844 874.559326171875 289.70452880859375
0 0.6578608155250549 1453.8695068359375 147.37139892578125 1502.7080078125 169.53858947753906
0 0.4680866599082947 911.248046875 248.21627807617188 946.4063110351562 280.4436950683594
