0 0.9795023798942566 257.45361328125 367.8402099609375 450.18621826171875 455.9109191894531
0 0.975175142288208 345.62799072265625 340.05206298828125 518.75830078125 407.9530334472656
0 0.9730756282806396 30.14106559753418 380.274658203125 209.84889221191406 437.9769592285156
0 0.9724924564361572 124.72160339355469 331.046630859375 267.3318786621094 372.8507385253906
0 0.972238302230835 1334.778076171875 338.6839904785156 1483.93505859375 387.4548645019531
0 0.9717844128608704 4.992650985717773 328.32061767578125 127.44282531738281 374.0630187988281
0 0.9710091352462769 150.0218505859375 365.09564208984375 268.25299072265625 412.71588134765625
0 0.9703153967857361 1513.1612548828125 345.0196533203125 1685.1456298828125 389.8890380859375
0 0.9554202556610107 863.3466796875 257.2409973144531 895.8826904296875 290.064697265625
0 0.4064843952655792 1713.638427734375 119.52031707763672 1759.16650390625 144.88430786132812
