0 0.9838525652885437 16.290790557861328 519.8463745117188 234.5486297607422 597.4720458984375
0 0.9824162721633911 487.1903076171875 442.9660949707031 654.872314453125 519.239013671875
0 0.9819726943969727 248.5953826904297 503.2306823730469 445.93634033203125 574.6981201171875
0 0.9809896945953369 222.0604705810547 386.252197265625 363.92901611328125 434.03155517578125
0 0.9782161712646484 476.3064880371094 521.4378051757812 656.2410278320312 591.5045776367188
0 0.9756370186805725 86.56400299072266 385.68890380859375 217.43307495117188 446.70623779296875
0 0.9535740613937378 1164.827880859375 721.8536987304688 1289.6044921875 922.9732055664062
0 0.9524610042572021 884.1600952148438 211.28756713867188 917.2271118164062 247.4767608642578
0 0.9523290991783142 1484.892333984375 385.71368408203125 1643.2080078125 441.2146911621094
0 0.9309535622596741 957.9541625976562 269.76873779296875 999.61962890625 312.08990478515625
