0 0.9827459454536438 268.82867431640625 502.0307922363281 448.9168701171875 555.5161743164062
0 0.9728145599365234 243.23214721679688 397.740966796875 350.9602355957031 438.34368896484375
0 0.9714855551719666 1785.3310546875 439.7244873046875 1919.70556640625 488.8050842285156
0 0.9663478136062622 154.181396484375 400.96612548828125 226.41806030273438 437.2120361328125
0 0.963670551776886 1305.4691162109375 431.689453125 1461.529541015625 485.859375
0 0.9609469175338745 1377.6446533203125 466.95440673828125 1548.6116943359375 521.5347290039062
0 0.9571278691291809 1536.250244140625 417.4537353515625 1700.9188232421875 483.7242736816406
0 0.95411217212677 845.228759765625 354.021728515625 880.978271484375 390.6396179199219
0 0.9201523661613464 863.420166015625 327.1772155761719 893.9817504882812 354.6336975097656
0 0.3544154167175293 1573.1641845703125 246.0894012451172 1615.6468505859375 311.3511962890625
