0 0.9795867204666138 1393.7552490234375 392.5197448730469 1581.0125732421875 463.3975830078125
0 0.9770939350128174 94.03992462158203 341.80950927734375 231.09925842285156 398.4727783203125
0 0.9752021431922913 92.43077850341797 541.3387451171875 393.0931396484375 633.0678100585938
0 0.9690541625022888 1649.6015625 391.4444580078125 1872.453369140625 471.015869140625
0 0.9681817889213562 1348.477783203125 352.3435363769531 1520.1669921875 423.1396179199219
0 0.9619187116622925 961.8457641601562 491.6279296875 1178.089111328125 589.9041748046875
0 0.9379796981811523 785.6226196289062 372.6990966796875 914.5497436523438 433.0521240234375
0 0.9351567625999451 325.7514343261719 449.9692687988281 532.8629150390625 518.2591552734375
0 0.9210458397865295 340.17333984375 400.8233642578125 512.736328125 456.69818115234375
0 0.6949953436851501 1456.10986328125 146.6876678466797 1502.6517333984375 168.65771484375
