0 0.9830576777458191 269.1561584472656 502.15386962890625 449.461669921875 555.5800170898438
0 0.9743102788925171 1654.5341796875 438.92486572265625 1812.86474609375 490.6432800292969
0 0.9717836380004883 243.02957153320312 397.80120849609375 351.0335998535156 438.1474914550781
0 0.9679521322250366 1348.8663330078125 414.16583251953125 1499.5650634765625 480.3341064453125
0 0.9668099880218506 153.96119689941406 401.044677734375 226.41336059570312 437.110595703125
0 0.966363787651062 24.506229400634766 368.5638122558594 116.86876678466797 401.04766845703125
0 0.9521422386169434 845.080322265625 353.92791748046875 880.78076171875 390.5328674316406
0 0.940788745880127 118.77458953857422 349.8882751464844 188.9093780517578 381.47125244140625
0 0.934872031211853 1003.4571533203125 486.3948059082031 1156.392822265625 554.7163696289062
0 0.9271454811096191 1024.3740234375 421.33319091796875 1145.5906982421875 472.8414001464844
0 0.9168351292610168 863.2622680664062 326.8348693847656 893.8809814453125 354.3562316894531
0 0.3855270445346832 1571.005126953125 244.5794677734375 1617.5849609375 312.0288391113281
