0 0.9839410781860352 16.272411346435547 519.7152709960938 233.85044860839844 597.3886108398438
0 0.9823394417762756 487.2560119628906 442.9176025390625 654.6719970703125 519.500244140625
0 0.9815094470977783 249.06414794921875 503.3817443847656 446.5595397949219 574.6521606445312
0 0.9805488586425781 222.31723022460938 386.259521484375 364.0545959472656 434.0504150390625
0 0.9778938889503479 477.17169189453125 521.9805297851562 655.4910278320312 591.47314453125
0 0.9764146208763123 86.139404296875 385.7507629394531 217.2212371826172 446.933349609375
0 0.9512875080108643 1106.5550537109375 840.57080078125 1253.7330322265625 1077.63427734375
0 0.9466649889945984 884.15576171875 211.73365783691406 917.7508544921875 247.59445190429688
0 0.9420337677001953 1187.8421630859375 561.1881103515625 1287.2684326171875 680.4027709960938
0 0.9273185133934021 952.40185546875 241.55526733398438 990.9589233398438 280.39013671875
0 0.8897126913070679 1788.0455322265625 379.0865478515625 1919.7086181640625 433.44580078125
