0 0.9826536178588867 90.96958923339844 539.9295043945312 390.6134033203125 632.8701171875
0 0.9798885583877563 -0.23865509033203125 449.11737060546875 204.14466857910156 507.2630615234375
0 0.9797773361206055 253.6248016357422 438.7917785644531 441.8462219238281 511.587646484375
0 0.979184627532959 22.633392333984375 412.1119384765625 217.21762084960938 458.7870788574219
0 0.9789246320724487 306.57489013671875 408.5093994140625 485.9082946777344 458.8360290527344
0 0.9734726548194885 94.13569641113281 344.7191467285156 230.69691467285156 401.2492980957031
0 0.9696856141090393 1047.6522216796875 835.6317138671875 1278.797607421875 1080.608642578125
0 0.9578003883361816 1722.8768310546875 393.8312072753906 1919.002197265625 465.1219482421875
0 0.636856198310852 1453.046875 146.03025817871094 1503.005126953125 169.74095153808594
0 0.4890817403793335 843.0709228515625 256.0170593261719 872.6959228515625 287.54022216796875
