0 0.9795016050338745 257.4645080566406 367.8592529296875 450.2932434082031 455.908447265625
0 0.9751095175743103 345.60931396484375 340.0582275390625 518.7797241210938 407.98974609375
0 0.9731713533401489 30.162534713745117 380.2861633300781 209.90081787109375 437.9869079589844
0 0.9729887247085571 1334.9227294921875 338.5086669921875 1483.943359375 387.50189208984375
0 0.9726117849349976 124.67512512207031 331.02142333984375 267.1578369140625 372.8200378417969
0 0.9718931317329407 5.0131988525390625 328.3231201171875 127.50581359863281 374.0589904785156
0 0.970791757106781 149.9659423828125 365.10894775390625 268.1801452636719 412.6988830566406
0 0.9703284502029419 1513.147705078125 345.0091247558594 1685.05810546875 389.91156005859375
0 0.9553869366645813 863.3549194335938 257.25567626953125 895.87646484375 290.05792236328125
0 0.38954785466194153 1456.680419921875 149.83108520507812 1524.961669921875 181.44122314453125
