0 0.9784759283065796 256.9949645996094 367.811279296875 449.97784423828125 455.9939880371094
0 0.9752157330513 345.5268859863281 340.0549011230469 518.4016723632812 408.272216796875
0 0.9733079671859741 1335.0986328125 338.71240234375 1483.987548828125 387.49713134765625
0 0.9730445146560669 30.18387794494629 380.104248046875 209.58714294433594 437.85443115234375
0 0.9730402827262878 5.237737655639648 328.2206726074219 128.06753540039062 374.126953125
0 0.9706433415412903 125.56830596923828 331.23028564453125 267.2113037109375 372.8283996582031
0 0.9703255295753479 1512.8372802734375 344.9483642578125 1684.8941650390625 389.87750244140625
0 0.9697161912918091 150.095947265625 365.0504455566406 268.3407287597656 412.5705261230469
0 0.9644677042961121 595.0067749023438 558.3782958984375 855.4814453125 872.6028442382812
0 0.9556814432144165 863.2095336914062 257.6456604003906 895.673583984375 290.33758544921875
