0 0.9785443544387817 1415.6715087890625 251.35391235351562 1601.7813720703125 341.2237243652344
0 0.9726486206054688 77.88265228271484 334.81219482421875 291.6314392089844 420.8909912109375
0 0.9681421518325806 1712.4237060546875 263.55682373046875 1916.213134765625 331.1361083984375
0 0.9588434100151062 159.35914611816406 265.2083740234375 357.05230712890625 337.67633056640625
0 0.9584090709686279 777.2684326171875 79.92755889892578 821.627197265625 132.1520538330078
0 0.9548215270042419 806.0181884765625 49.66827392578125 850.3493041992188 89.89733123779297
0 0.9409945607185364 800.8729248046875 235.78176879882812 908.0914306640625 416.5540466308594
0 0.9328634738922119 45.23851776123047 210.44503784179688 201.4282989501953 267.2830810546875
0 0.9088875651359558 901.44287109375 77.40222930908203 954.305419921875 126.97892761230469
0 0.3654190003871918 1845.8541259765625 681.9658813476562 1875.3743896484375 695.9872436523438
0 0.3540276885032654 1790.7667236328125 65.34919738769531 1827.935302734375 84.89998626708984
