0 0.982690155506134 268.904296875 501.869873046875 449.5408630371094 555.584228515625
0 0.9715105295181274 243.18655395507812 397.660888671875 350.9658203125 438.3037109375
0 0.9705212116241455 1785.3941650390625 439.68505859375 1919.9759521484375 488.7927551269531
0 0.9662511944770813 154.1001739501953 400.7456359863281 226.41119384765625 437.214111328125
0 0.9639729261398315 1536.1649169921875 416.6726379394531 1701.13671875 483.70635986328125
0 0.9624825716018677 1305.5712890625 431.76123046875 1461.2532958984375 485.736328125
0 0.9610326290130615 1377.5537109375 467.1489562988281 1549.026123046875 521.7687377929688
0 0.9539132714271545 845.2335815429688 354.025634765625 880.9453735351562 390.6980895996094
0 0.920417070388794 863.33740234375 326.81121826171875 894.15478515625 354.23272705078125
0 0.35176315903663635 1573.579833984375 246.8961639404297 1614.863525390625 310.95166015625
