0 0.9781239628791809 257.1649475097656 367.7862243652344 449.9868469238281 455.93878173828125
0 0.9749588370323181 345.3650817871094 340.06866455078125 518.390380859375 408.2925109863281
0 0.9735926389694214 1335.1876220703125 338.5730895996094 1484.0908203125 387.4903869628906
0 0.9724626541137695 30.213769912719727 380.14300537109375 209.6304168701172 437.8118896484375
0 0.9724423289299011 5.248106002807617 328.2666320800781 127.98916625976562 374.1379089355469
0 0.9704609513282776 1512.8089599609375 344.97845458984375 1685.00244140625 389.89373779296875
0 0.9702492356300354 125.48684692382812 331.2190246582031 267.2823791503906 372.9256591796875
0 0.9698318839073181 149.8845672607422 365.06890869140625 268.4521789550781 412.62811279296875
0 0.9593867659568787 502.0989074707031 615.2630004882812 827.9251708984375 1018.5758666992188
0 0.9551655650138855 863.183349609375 257.6124267578125 895.6887817382812 290.31298828125
