0 0.9806388020515442 225.13531494140625 458.0417175292969 443.4560852050781 530.8773803710938
0 0.9799477458000183 79.11038208007812 356.3753662109375 211.61837768554688 413.2271423339844
0 0.9785093069076538 1620.1248779296875 384.16876220703125 1797.466552734375 462.99017333984375
0 0.9772607684135437 1385.2647705078125 382.2589111328125 1553.9820556640625 467.1722106933594
0 0.9761185050010681 1.3037166595458984 456.5157470703125 147.4466094970703 520.9912719726562
0 0.9757503867149353 324.4757080078125 407.6340637207031 498.37847900390625 463.1312255859375
0 0.960364580154419 831.10986328125 249.2503204345703 862.3084716796875 283.97808837890625
0 0.9465774297714233 860.4607543945312 416.167236328125 1023.00732421875 485.40362548828125
0 0.9260560274124146 976.4556884765625 477.6601867675781 1090.6239013671875 579.419921875
0 0.38728174567222595 997.0389404296875 627.3630981445312 1024.7081298828125 675.0260009765625
