0 0.9743434190750122 4.523139953613281 328.70257568359375 126.66032409667969 373.8212585449219
0 0.9739522933959961 345.0413513183594 339.87347412109375 518.3399658203125 408.1084289550781
0 0.9680279493331909 1473.86767578125 344.4727478027344 1645.260986328125 389.6085205078125
0 0.9679492712020874 262.0121154785156 378.4439392089844 434.5606384277344 441.0299377441406
0 0.9636408686637878 124.8215560913086 331.13104248046875 266.1990966796875 372.7330627441406
0 0.9612027406692505 1216.061279296875 340.3177490234375 1365.5867919921875 387.8952331542969
0 0.9601960778236389 669.8002319335938 388.37237548828125 874.0618896484375 490.3678894042969
0 0.9548969268798828 863.3416137695312 257.6492614746094 895.870849609375 290.2738952636719
0 0.9445849061012268 149.03240966796875 365.0220947265625 297.3665771484375 415.71551513671875
0 0.4493451714515686 1714.9560546875 125.45085144042969 1758.707275390625 148.03001403808594
0 0.44725823402404785 1458.908447265625 150.4799346923828 1522.296630859375 179.77809143066406
