0 0.97832190990448 1415.7279052734375 251.4077911376953 1602.0572509765625 341.27044677734375
0 0.9694306254386902 1713.2059326171875 263.57867431640625 1916.2786865234375 331.0502624511719
0 0.955958366394043 777.5121459960938 79.54884338378906 821.5850830078125 131.77816772460938
0 0.9474003314971924 804.4998779296875 50.73284912109375 851.0714721679688 90.23323059082031
0 0.9450573921203613 177.08761596679688 264.18548583984375 372.6083679199219 334.7066345214844
0 0.9374537467956543 438.00750732421875 499.6231689453125 559.0792236328125 683.9434204101562
0 0.9370335340499878 343.96630859375 359.0335998535156 505.2132873535156 461.412353515625
0 0.9289080500602722 892.8713989257812 5.069206237792969 948.8544311523438 92.72649383544922
0 0.8710765242576599 0.01343536376953125 334.5731506347656 117.95114135742188 405.2193603515625
0 0.44857513904571533 1845.277587890625 681.7376098632812 1876.0513916015625 696.3062133789062
