0 0.9825955033302307 91.28915405273438 539.9353637695312 390.3157043457031 632.9093017578125
0 0.9791558384895325 253.84844970703125 438.8265686035156 441.339111328125 511.595703125
0 0.9784824252128601 22.548683166503906 412.4010314941406 216.61520385742188 458.96795654296875
0 0.9781843423843384 0.1608123779296875 449.4003601074219 204.75411987304688 507.1524658203125
0 0.9777022004127502 305.4819030761719 408.49542236328125 486.23309326171875 458.53411865234375
0 0.9745430946350098 94.36225128173828 344.10565185546875 230.6246337890625 400.49407958984375
0 0.9726921916007996 1396.611328125 393.27972412109375 1581.05615234375 463.13226318359375
0 0.9724410176277161 1473.76611328125 353.7929382324219 1646.0816650390625 423.1619873046875
0 0.9683298468589783 1648.9599609375 392.4725036621094 1872.052001953125 471.1688537597656
0 0.716418981552124 1452.693603515625 145.1956024169922 1503.72900390625 169.91111755371094
