0 0.9829747080802917 269.2393493652344 502.1401062011719 449.3466796875 555.583740234375
0 0.9718634486198425 1632.4229736328125 438.9888916015625 1790.471923828125 490.341552734375
0 0.9714329838752747 243.0941162109375 397.8259582519531 350.9822692871094 438.09588623046875
0 0.9673323035240173 24.492353439331055 368.5354919433594 116.85813903808594 401.0273742675781
0 0.9670904278755188 154.06527709960938 401.0456848144531 226.39288330078125 437.078369140625
0 0.961979329586029 1321.316162109375 413.66143798828125 1470.6895751953125 478.52655029296875
0 0.9524709582328796 845.0940551757812 354.0268249511719 880.7304077148438 390.510986328125
0 0.9425116777420044 118.84226989746094 349.83966064453125 188.94406127929688 381.4898986816406
0 0.9371544122695923 986.980224609375 490.7130432128906 1137.9273681640625 562.3546142578125
0 0.9164662957191467 863.2058715820312 326.8907775878906 893.7936401367188 354.3426818847656
0 0.9025388360023499 1016.6270751953125 418.7444763183594 1124.150634765625 468.9325866699219
0 0.4019511938095093 1571.1236572265625 244.751220703125 1617.4698486328125 311.71563720703125
