0 0.9777137637138367 339.68585205078125 500.3277282714844 518.7137451171875 554.6483154296875
0 0.970904529094696 243.5812225341797 397.80523681640625 350.5333557128906 438.0552062988281
0 0.9696021676063538 1048.607421875 437.1795959472656 1186.3155517578125 485.4925231933594
0 0.9660582542419434 24.30948257446289 368.61114501953125 116.72896575927734 401.2594299316406
0 0.9646688103675842 154.0504913330078 400.9680480957031 226.2391357421875 437.0189514160156
0 0.9487753510475159 844.4652099609375 353.7218322753906 880.6878662109375 390.0113830566406
0 0.9394781589508057 118.78207397460938 350.3588562011719 188.868408203125 381.6141357421875
0 0.9220975041389465 691.9409790039062 397.2794494628906 813.8428955078125 449.9146728515625
0 0.9181262254714966 863.6350708007812 326.6298522949219 894.1790771484375 354.385498046875
0 0.9049443006515503 967.9500732421875 333.98016357421875 1002.1962890625 366.4126281738281
0 0.848712682723999 954.5568237304688 961.3950805664062 1204.8907470703125 1084.4931640625
0 0.37425363063812256 1569.244384765625 243.96990966796875 1620.298583984375 313.5674743652344
