0 0.9838268756866455 16.40508270263672 519.8713989257812 233.92897033691406 597.3934936523438
0 0.9828010201454163 487.2215881347656 443.327392578125 655.22412109375 519.421630859375
0 0.9820247292518616 248.55239868164062 503.2923889160156 446.0484313964844 574.5759887695312
0 0.9805879592895508 222.30450439453125 386.39093017578125 364.0799865722656 434.1680908203125
0 0.9788308143615723 476.0325622558594 521.72314453125 655.2656860351562 591.4264526367188
0 0.9753782749176025 86.46196746826172 385.653564453125 217.12725830078125 446.89794921875
0 0.9489020705223083 884.6470336914062 211.4728546142578 917.8173217773438 247.2986297607422
0 0.9385047554969788 1130.22314453125 603.8902587890625 1233.9521484375 747.8002319335938
0 0.911831796169281 1230.3211669921875 464.9216613769531 1372.8603515625 546.8895263671875
0 0.8896662592887878 943.4722290039062 195.91790771484375 979.20654296875 229.4568328857422
