0 0.9827499985694885 91.28295135498047 539.6713256835938 390.78790283203125 632.7149047851562
0 0.9793882369995117 253.12066650390625 439.17401123046875 441.3067932128906 511.6628112792969
0 0.9785658121109009 22.491451263427734 412.4504699707031 217.29766845703125 458.9600830078125
0 0.9783794283866882 0.41255950927734375 449.3782043457031 204.3230438232422 507.2312927246094
0 0.977854311466217 307.0672302246094 408.6396789550781 486.22283935546875 458.62591552734375
0 0.9752130508422852 93.76915740966797 343.54998779296875 230.67970275878906 400.8760986328125
0 0.9714341163635254 1397.800048828125 392.6895751953125 1583.62060546875 462.7410583496094
0 0.9687930941581726 1517.294921875 354.56304931640625 1690.3990478515625 424.59539794921875
0 0.9642332792282104 1651.7933349609375 392.29449462890625 1871.6356201171875 471.585205078125
0 0.7029238939285278 1453.043701171875 146.95912170410156 1501.8677978515625 169.7375946044922
