0 0.9827272891998291 268.9771728515625 501.9485168457031 449.46478271484375 555.5899658203125
0 0.9712243676185608 243.1928253173828 397.5950622558594 350.84039306640625 438.291259765625
0 0.969959557056427 1785.4185791015625 439.634765625 1919.9439697265625 488.8034362792969
0 0.9661495685577393 154.1135711669922 400.7417907714844 226.37875366210938 437.2094421386719
0 0.9635089635848999 1536.1114501953125 416.6941223144531 1701.0250244140625 483.6997375488281
0 0.9623759388923645 1305.4698486328125 431.7449645996094 1461.2816162109375 485.7755432128906
0 0.961305558681488 1377.623291015625 467.115966796875 1549.078857421875 521.7958984375
0 0.9536353945732117 845.2335815429688 354.0326843261719 880.96826171875 390.69140625
0 0.9198793768882751 863.3433837890625 326.785400390625 894.1768798828125 354.26580810546875
0 0.3723810315132141 1573.6600341796875 246.96282958984375 1614.9122314453125 310.83380126953125
