0 0.9801855087280273 225.00677490234375 458.15838623046875 443.6312255859375 530.9268798828125
0 0.9795681238174438 78.84009552001953 356.34063720703125 211.50901794433594 413.40875244140625
0 0.9787567853927612 1620.3043212890625 384.968017578125 1797.0699462890625 463.09783935546875
0 0.9773409962654114 1385.05078125 382.0535888671875 1554.45263671875 467.11260986328125
0 0.9768930673599243 1.933267593383789 456.4779052734375 145.54014587402344 521.0471801757812
0 0.9746271371841431 324.7803649902344 407.991943359375 498.4834289550781 463.0573425292969
0 0.9578819274902344 831.2135620117188 248.87484741210938 862.3480834960938 283.6368713378906
0 0.9442903995513916 717.4345092773438 398.2387390136719 881.4515991210938 460.9040222167969
0 0.9438536167144775 886.5313720703125 429.0133972167969 1024.58642578125 510.234130859375
0 0.4522724151611328 1446.043212890625 143.5770263671875 1512.3585205078125 173.68666076660156
