0 0.979207456111908 257.4203186035156 367.790771484375 449.6882629394531 455.9161376953125
0 0.9753624200820923 345.412841796875 339.9591064453125 518.7648315429688 408.205078125
0 0.9733062386512756 30.17699432373047 380.30767822265625 209.84080505371094 437.92547607421875
0 0.9726053476333618 1335.1202392578125 339.03790283203125 1484.079833984375 387.5728454589844
0 0.9722601175308228 5.387809753417969 328.234130859375 127.6230239868164 374.119384765625
0 0.9722214341163635 125.08816528320312 331.1473693847656 267.122314453125 372.8394470214844
0 0.9709511995315552 149.6547088623047 364.83905029296875 268.7102966308594 412.6510009765625
0 0.9709302186965942 1512.924560546875 344.8260803222656 1685.1478271484375 389.739990234375
0 0.9561331868171692 863.3380737304688 257.5452880859375 895.68603515625 290.1552734375
0 0.4278223216533661 1458.1014404296875 149.7916259765625 1526.51123046875 180.74546813964844
