0 0.9831164479255676 268.9734802246094 502.0080261230469 449.61016845703125 555.6080322265625
0 0.9716868996620178 243.08482360839844 397.65484619140625 350.87530517578125 438.2552795410156
0 0.9706898927688599 1785.4464111328125 439.5091552734375 1919.940673828125 489.0956726074219
0 0.9662021994590759 154.1081085205078 400.781005859375 226.38168334960938 437.2238464355469
0 0.9637525677680969 1536.093505859375 416.71160888671875 1700.9832763671875 483.7226257324219
0 0.9624224901199341 1305.4544677734375 431.6714172363281 1461.26806640625 485.7695617675781
0 0.9619479179382324 1377.600830078125 467.13555908203125 1549.033447265625 521.8299560546875
0 0.9541257619857788 845.1834106445312 354.01776123046875 880.9261474609375 390.6712951660156
0 0.9211169481277466 863.2659301757812 326.76214599609375 894.1241455078125 354.2432556152344
0 0.35783758759498596 1573.6900634765625 247.05213928222656 1614.829833984375 310.94512939453125
