0 0.9797043800354004 257.1572570800781 367.8546447753906 449.898193359375 456.01007080078125
0 0.9748705625534058 346.4978332519531 340.4134826660156 519.2902221679688 408.29498291015625
0 0.9744160771369934 30.21800994873047 380.09014892578125 209.28057861328125 437.8222351074219
0 0.9736899137496948 1335.2691650390625 338.6709289550781 1483.739501953125 387.48681640625
0 0.9731653928756714 5.137149810791016 328.2787780761719 127.80609130859375 374.1373596191406
0 0.9721337556838989 125.14213562011719 331.0027770996094 267.2095947265625 372.85760498046875
0 0.9716489911079407 1512.60693359375 344.93304443359375 1684.4788818359375 389.78265380859375
0 0.971244752407074 149.5615234375 365.06158447265625 268.28485107421875 412.4502868652344
0 0.9414122104644775 863.1837158203125 257.3334045410156 895.2936401367188 289.89190673828125
0 0.8948398232460022 888.0390014648438 306.61322021484375 953.064697265625 373.27703857421875
