0 0.9793519973754883 257.4101257324219 367.85394287109375 449.9079895019531 455.84564208984375
0 0.9749228954315186 345.51495361328125 339.90814208984375 518.9114379882812 408.283935546875
0 0.9727521538734436 1335.10498046875 338.77880859375 1484.0484619140625 387.4937438964844
0 0.9719681143760681 30.184112548828125 380.2505187988281 209.92703247070312 437.8808288574219
0 0.9717409610748291 125.03987121582031 331.19183349609375 267.15472412109375 372.93310546875
0 0.9713161587715149 5.474893569946289 328.18121337890625 127.5204849243164 374.1053161621094
0 0.9709293842315674 1512.9700927734375 344.8402404785156 1685.0775146484375 389.7597961425781
0 0.9700862765312195 149.74795532226562 364.8526306152344 268.8314208984375 412.65142822265625
0 0.9555816054344177 863.3525390625 257.5180969238281 895.669189453125 290.1490173339844
0 0.949537456035614 334.9027404785156 792.2423095703125 751.4454956054688 1081.6903076171875
0 0.4433373212814331 1457.6202392578125 149.7273406982422 1525.6064453125 181.94346618652344
