0 0.9826194643974304 91.439697265625 539.4342041015625 390.4507141113281 632.8876953125
0 0.9799294471740723 253.35989379882812 438.7478942871094 441.1562805175781 511.386474609375
0 0.9789419174194336 0.5689201354980469 449.4910888671875 204.48985290527344 507.231201171875
0 0.9789301753044128 22.696884155273438 412.2184753417969 217.32501220703125 458.8574523925781
0 0.9775767922401428 307.4066467285156 408.4060363769531 486.2519836425781 458.54443359375
0 0.9755680561065674 94.07009887695312 344.14111328125 230.84326171875 400.6606750488281
0 0.9740263819694519 1396.332275390625 394.3257751464844 1580.216796875 463.1752624511719
0 0.9708632230758667 1458.015380859375 353.8259582519531 1632.6387939453125 425.03118896484375
0 0.9682027101516724 1649.6005859375 392.02252197265625 1872.1279296875 471.2292785644531
0 0.6026822924613953 1454.060302734375 148.29888916015625 1501.9154052734375 169.7329559326172
