0 0.9823356866836548 91.67107391357422 539.4634399414062 390.13311767578125 632.7579345703125
0 0.9789934158325195 22.104938507080078 412.18243408203125 217.50741577148438 458.8401794433594
0 0.9787063598632812 -0.052059173583984375 449.20489501953125 204.24925231933594 507.11419677734375
0 0.9786966443061829 253.2084197998047 438.4983215332031 441.39166259765625 511.3468322753906
0 0.9775351881980896 306.3545227050781 408.2424621582031 486.154296875 458.72344970703125
0 0.9742624163627625 94.16616821289062 344.7906188964844 230.5871124267578 401.164794921875
0 0.9716660380363464 1445.90478515625 390.84100341796875 1631.490234375 463.01312255859375
0 0.9536184668540955 1066.90576171875 653.8858032226562 1278.17431640625 871.4222412109375
0 0.9533078670501709 1711.2020263671875 389.9315490722656 1920.7420654296875 466.77386474609375
0 0.6216729283332825 1453.695556640625 144.7998809814453 1505.6478271484375 169.75978088378906
