0 0.9804723262786865 225.14251708984375 458.04742431640625 443.4090270996094 530.8687133789062
0 0.9798734784126282 79.10717010498047 356.39532470703125 211.63052368164062 413.21734619140625
0 0.9786484837532043 1620.1395263671875 384.1605224609375 1797.520751953125 462.9986877441406
0 0.9772254824638367 1385.306396484375 382.21923828125 1553.960205078125 467.20709228515625
0 0.9759251475334167 1.3243904113769531 456.49383544921875 147.4669647216797 521.0088500976562
0 0.9754487872123718 324.4997863769531 407.6926574707031 498.34930419921875 463.106689453125
0 0.9598070979118347 831.088623046875 249.24574279785156 862.263427734375 283.9715881347656
0 0.9521400928497314 834.331787109375 412.4654846191406 999.9576416015625 479.97418212890625
0 0.923456072807312 968.3262329101562 462.87945556640625 1078.3079833984375 561.456298828125
0 0.37520915269851685 995.84716796875 628.8689575195312 1025.6475830078125 674.5603637695312
