0 0.979246973991394 257.1543884277344 367.53662109375 449.7922668457031 456.06494140625
0 0.9755231738090515 345.3686828613281 339.9659423828125 518.6994018554688 407.8572998046875
0 0.9731960892677307 1335.106689453125 338.463134765625 1484.114990234375 387.43853759765625
0 0.9731752872467041 30.183448791503906 380.209716796875 209.5303955078125 437.8887023925781
0 0.9723213315010071 5.288074493408203 328.2703857421875 127.63392639160156 374.04754638671875
0 0.9721325039863586 124.79090881347656 330.8078308105469 267.09002685546875 372.766357421875
0 0.9707427620887756 150.30506896972656 364.9347229003906 268.3397521972656 412.6304016113281
0 0.9705817103385925 1513.186279296875 344.91546630859375 1684.9296875 389.8792419433594
0 0.9550790190696716 863.3068237304688 257.16021728515625 895.8538208007812 289.99029541015625
0 0.4424968957901001 1456.254638671875 150.1724853515625 1523.221923828125 179.98680114746094
