0 0.9839706420898438 16.24178695678711 519.7134399414062 233.86207580566406 597.391357421875
0 0.9823858737945557 487.26837158203125 442.9142150878906 654.6796875 519.5844116210938
0 0.9815171360969543 249.07000732421875 503.40228271484375 446.5756530761719 574.6519165039062
0 0.9805876016616821 222.42713928222656 386.2906494140625 364.0027770996094 434.0506896972656
0 0.9776480793952942 477.2150573730469 522.2110595703125 655.4848022460938 591.4896240234375
0 0.9765174984931946 86.16531372070312 385.694580078125 217.2494354248047 446.9566345214844
0 0.9515003561973572 1104.755859375 757.0699462890625 1230.14892578125 974.8782958984375
0 0.9446098208427429 884.1574096679688 211.7265167236328 917.6497802734375 247.59962463378906
0 0.9326281547546387 1195.477294921875 525.2318725585938 1299.9678955078125 623.528564453125
0 0.9229966998100281 950.3406372070312 226.87405395507812 986.9609985351562 264.3097229003906
