0 0.9780376553535461 256.97589111328125 367.6065368652344 449.66510009765625 455.7727966308594
0 0.9743141531944275 345.6635437011719 340.0607604980469 519.1730346679688 407.9789733886719
0 0.9733811020851135 1335.1025390625 338.7005615234375 1484.1707763671875 387.55804443359375
0 0.9725080132484436 30.234643936157227 380.1319885253906 209.590087890625 437.8951721191406
0 0.9724811911582947 5.208160400390625 328.2648010253906 127.88434600830078 374.10980224609375
0 0.9714264869689941 125.10501098632812 330.87579345703125 266.8261413574219 372.8027648925781
0 0.9705492854118347 1512.8621826171875 345.0832824707031 1685.012451171875 389.83026123046875
0 0.9699916243553162 150.3406219482422 364.9124450683594 268.6835632324219 412.71807861328125
0 0.9543205499649048 863.3842163085938 257.4860534667969 895.7208251953125 290.0876159667969
0 0.37103238701820374 1458.579345703125 149.26649475097656 1523.136962890625 180.21437072753906
